at,account_id,trade_key,entry_at,equity_before,floor_before,mae,mfe,gross_pnl,adverse_equity,equity_after,floor_after,alive_after,death_equity
2026-03-02T03:30:00,4,RR1.00:2-3:555:2093,2026-03-02T02:50:40,4791.21,100.0,-17.0,229.5,184.0,4774.21,4974.16,100.0,True,
2026-03-02T03:30:00,30,RR1.00:2-3:555:2093,2026-03-02T02:50:40,4791.21,100.0,-17.0,229.5,184.0,4774.21,4974.16,100.0,True,
2026-03-02T03:30:00,31,RR1.00:2-3:555:2093,2026-03-02T02:50:40,4791.21,100.0,-17.0,229.5,184.0,4774.21,4974.16,100.0,True,
2026-03-02T03:30:00,32,RR1.00:2-3:555:2093,2026-03-02T02:50:40,4791.21,100.0,-17.0,229.5,184.0,4774.21,4974.16,100.0,True,
2026-03-02T03:30:00,33,RR1.00:2-3:555:2093,2026-03-02T02:50:40,4791.21,100.0,-17.0,229.5,184.0,4774.21,4974.16,100.0,True,
2026-03-02T03:30:00,34,RR1.00:2-3:555:2093,2026-03-02T02:50:40,4791.21,100.0,-17.0,229.5,184.0,4774.21,4974.16,100.0,True,
2026-03-02T03:30:00,35,RR1.00:2-3:555:2093,2026-03-02T02:50:40,4791.21,100.0,-17.0,229.5,184.0,4774.21,4974.16,100.0,True,
2026-03-02T03:30:00,36,RR1.00:2-3:555:2093,2026-03-02T02:50:40,4791.21,100.0,-17.0,229.5,184.0,4774.21,4974.16,100.0,True,
2026-03-02T03:30:00,37,RR1.00:2-3:555:2093,2026-03-02T02:50:40,4791.21,100.0,-17.0,229.5,184.0,4774.21,4974.16,100.0,True,
2026-03-02T03:30:00,38,RR1.00:2-3:555:2093,2026-03-02T02:50:40,4791.21,100.0,-17.0,229.5,184.0,4774.21,4974.16,100.0,True,
2026-03-02T03:30:00,39,RR1.00:2-3:555:2093,2026-03-02T02:50:40,4791.21,100.0,-17.0,229.5,184.0,4774.21,4974.16,100.0,True,
2026-03-02T03:30:00,40,RR1.00:2-3:555:2093,2026-03-02T02:50:40,4791.21,100.0,-17.0,229.5,184.0,4774.21,4974.16,100.0,True,
2026-03-02T03:30:00,41,RR1.00:2-3:555:2093,2026-03-02T02:50:40,4791.21,100.0,-17.0,229.5,184.0,4774.21,4974.16,100.0,True,
2026-03-02T03:30:00,42,RR1.00:2-3:555:2093,2026-03-02T02:50:40,4791.21,100.0,-17.0,229.5,184.0,4774.21,4974.16,100.0,True,
2026-03-02T03:30:00,43,RR1.00:2-3:555:2093,2026-03-02T02:50:40,4791.21,100.0,-17.0,229.5,184.0,4774.21,4974.16,100.0,True,
2026-03-02T03:30:00,44,RR1.00:2-3:555:2093,2026-03-02T02:50:40,4791.21,100.0,-17.0,229.5,184.0,4774.21,4974.16,100.0,True,
2026-03-02T03:30:00,48,RR1.00:2-3:555:2093,2026-03-02T02:50:40,4791.21,100.0,-17.0,229.5,184.0,4774.21,4974.16,100.0,True,
2026-03-02T03:30:00,49,RR1.00:2-3:555:2093,2026-03-02T02:50:40,4791.21,100.0,-17.0,229.5,184.0,4774.21,4974.16,100.0,True,
2026-03-02T03:30:00,55,RR1.00:2-3:555:2093,2026-03-02T02:50:40,4791.21,100.0,-17.0,229.5,184.0,4774.21,4974.16,100.0,True,
2026-03-02T03:30:00,56,RR1.00:2-3:555:2093,2026-03-02T02:50:40,4791.21,100.0,-17.0,229.5,184.0,4774.21,4974.16,100.0,True,
2026-03-02T11:30:00,4,RR1.00:10-11:584:2112,2026-03-02T10:40:40,4974.16,100.0,-24.0,193.0,165.5,4950.16,5138.61,100.0,True,
2026-03-02T11:30:00,30,RR1.00:10-11:584:2112,2026-03-02T10:40:40,4974.16,100.0,-24.0,193.0,165.5,4950.16,5138.61,100.0,True,
2026-03-02T11:30:00,31,RR1.00:10-11:584:2112,2026-03-02T10:40:40,4974.16,100.0,-24.0,193.0,165.5,4950.16,5138.61,100.0,True,
2026-03-02T11:30:00,32,RR1.00:10-11:584:2112,2026-03-02T10:40:40,4974.16,100.0,-24.0,193.0,165.5,4950.16,5138.61,100.0,True,
2026-03-02T11:30:00,33,RR1.00:10-11:584:2112,2026-03-02T10:40:40,4974.16,100.0,-24.0,193.0,165.5,4950.16,5138.61,100.0,True,
2026-03-02T11:30:00,34,RR1.00:10-11:584:2112,2026-03-02T10:40:40,4974.16,100.0,-24.0,193.0,165.5,4950.16,5138.61,100.0,True,
2026-03-02T11:30:00,35,RR1.00:10-11:584:2112,2026-03-02T10:40:40,4974.16,100.0,-24.0,193.0,165.5,4950.16,5138.61,100.0,True,
2026-03-02T11:30:00,36,RR1.00:10-11:584:2112,2026-03-02T10:40:40,4974.16,100.0,-24.0,193.0,165.5,4950.16,5138.61,100.0,True,
2026-03-02T11:30:00,37,RR1.00:10-11:584:2112,2026-03-02T10:40:40,4974.16,100.0,-24.0,193.0,165.5,4950.16,5138.61,100.0,True,
2026-03-02T11:30:00,38,RR1.00:10-11:584:2112,2026-03-02T10:40:40,4974.16,100.0,-24.0,193.0,165.5,4950.16,5138.61,100.0,True,
2026-03-02T11:30:00,39,RR1.00:10-11:584:2112,2026-03-02T10:40:40,4974.16,100.0,-24.0,193.0,165.5,4950.16,5138.61,100.0,True,
2026-03-02T11:30:00,40,RR1.00:10-11:584:2112,2026-03-02T10:40:40,4974.16,100.0,-24.0,193.0,165.5,4950.16,5138.61,100.0,True,
2026-03-02T11:30:00,41,RR1.00:10-11:584:2112,2026-03-02T10:40:40,4974.16,100.0,-24.0,193.0,165.5,4950.16,5138.61,100.0,True,
2026-03-02T11:30:00,42,RR1.00:10-11:584:2112,2026-03-02T10:40:40,4974.16,100.0,-24.0,193.0,165.5,4950.16,5138.61,100.0,True,
2026-03-02T11:30:00,43,RR1.00:10-11:584:2112,2026-03-02T10:40:40,4974.16,100.0,-24.0,193.0,165.5,4950.16,5138.61,100.0,True,
2026-03-02T11:30:00,44,RR1.00:10-11:584:2112,2026-03-02T10:40:40,4974.16,100.0,-24.0,193.0,165.5,4950.16,5138.61,100.0,True,
2026-03-02T11:30:00,48,RR1.00:10-11:584:2112,2026-03-02T10:40:40,4974.16,100.0,-24.0,193.0,165.5,4950.16,5138.61,100.0,True,
2026-03-02T11:30:00,49,RR1.00:10-11:584:2112,2026-03-02T10:40:40,4974.16,100.0,-24.0,193.0,165.5,4950.16,5138.61,100.0,True,
2026-03-02T11:30:00,55,RR1.00:10-11:584:2112,2026-03-02T10:40:40,4974.16,100.0,-24.0,193.0,165.5,4950.16,5138.61,100.0,True,
2026-03-02T11:30:00,56,RR1.00:10-11:584:2112,2026-03-02T10:40:40,4974.16,100.0,-24.0,193.0,165.5,4950.16,5138.61,100.0,True,
2026-03-02T14:19:40,4,RR1.00:13-14:567:2096,2026-03-02T13:31:40,5138.61,100.0,-72.0,116.0,-72.0,5066.61,5065.56,100.0,True,
2026-03-02T14:19:40,30,RR1.00:13-14:567:2096,2026-03-02T13:31:40,5138.61,100.0,-72.0,116.0,-72.0,5066.61,5065.56,100.0,True,
2026-03-02T14:19:40,31,RR1.00:13-14:567:2096,2026-03-02T13:31:40,5138.61,100.0,-72.0,116.0,-72.0,5066.61,5065.56,100.0,True,
2026-03-02T14:19:40,32,RR1.00:13-14:567:2096,2026-03-02T13:31:40,5138.61,100.0,-72.0,116.0,-72.0,5066.61,5065.56,100.0,True,
2026-03-02T14:19:40,33,RR1.00:13-14:567:2096,2026-03-02T13:31:40,5138.61,100.0,-72.0,116.0,-72.0,5066.61,5065.56,100.0,True,
2026-03-02T14:19:40,34,RR1.00:13-14:567:2096,2026-03-02T13:31:40,5138.61,100.0,-72.0,116.0,-72.0,5066.61,5065.56,100.0,True,
2026-03-02T14:19:40,35,RR1.00:13-14:567:2096,2026-03-02T13:31:40,5138.61,100.0,-72.0,116.0,-72.0,5066.61,5065.56,100.0,True,
2026-03-02T14:19:40,36,RR1.00:13-14:567:2096,2026-03-02T13:31:40,5138.61,100.0,-72.0,116.0,-72.0,5066.61,5065.56,100.0,True,
2026-03-02T14:19:40,37,RR1.00:13-14:567:2096,2026-03-02T13:31:40,5138.61,100.0,-72.0,116.0,-72.0,5066.61,5065.56,100.0,True,
2026-03-02T14:19:40,38,RR1.00:13-14:567:2096,2026-03-02T13:31:40,5138.61,100.0,-72.0,116.0,-72.0,5066.61,5065.56,100.0,True,
2026-03-02T14:19:40,39,RR1.00:13-14:567:2096,2026-03-02T13:31:40,5138.61,100.0,-72.0,116.0,-72.0,5066.61,5065.56,100.0,True,
2026-03-02T14:19:40,40,RR1.00:13-14:567:2096,2026-03-02T13:31:40,5138.61,100.0,-72.0,116.0,-72.0,5066.61,5065.56,100.0,True,
2026-03-02T14:19:40,41,RR1.00:13-14:567:2096,2026-03-02T13:31:40,5138.61,100.0,-72.0,116.0,-72.0,5066.61,5065.56,100.0,True,
2026-03-02T14:19:40,42,RR1.00:13-14:567:2096,2026-03-02T13:31:40,5138.61,100.0,-72.0,116.0,-72.0,5066.61,5065.56,100.0,True,
2026-03-02T14:19:40,43,RR1.00:13-14:567:2096,2026-03-02T13:31:40,5138.61,100.0,-72.0,116.0,-72.0,5066.61,5065.56,100.0,True,
2026-03-02T14:19:40,44,RR1.00:13-14:567:2096,2026-03-02T13:31:40,5138.61,100.0,-72.0,116.0,-72.0,5066.61,5065.56,100.0,True,
2026-03-02T14:19:40,48,RR1.00:13-14:567:2096,2026-03-02T13:31:40,5138.61,100.0,-72.0,116.0,-72.0,5066.61,5065.56,100.0,True,
2026-03-02T14:19:40,49,RR1.00:13-14:567:2096,2026-03-02T13:31:40,5138.61,100.0,-72.0,116.0,-72.0,5066.61,5065.56,100.0,True,
2026-03-02T14:19:40,55,RR1.00:13-14:567:2096,2026-03-02T13:31:40,5138.61,100.0,-72.0,116.0,-72.0,5066.61,5065.56,100.0,True,
2026-03-02T14:19:40,56,RR1.00:13-14:567:2096,2026-03-02T13:31:40,5138.61,100.0,-72.0,116.0,-72.0,5066.61,5065.56,100.0,True,
2026-03-02T14:55:40,4,RR1.00:12-13:510:2011,2026-03-02T12:02:40,5065.56,100.0,-88.0,149.5,-88.0,4977.56,4976.51,100.0,True,
2026-03-02T14:55:40,30,RR1.00:12-13:510:2011,2026-03-02T12:02:40,5065.56,100.0,-88.0,149.5,-88.0,4977.56,4976.51,100.0,True,
2026-03-02T14:55:40,31,RR1.00:12-13:510:2011,2026-03-02T12:02:40,5065.56,100.0,-88.0,149.5,-88.0,4977.56,4976.51,100.0,True,
2026-03-02T14:55:40,32,RR1.00:12-13:510:2011,2026-03-02T12:02:40,5065.56,100.0,-88.0,149.5,-88.0,4977.56,4976.51,100.0,True,
2026-03-02T14:55:40,33,RR1.00:12-13:510:2011,2026-03-02T12:02:40,5065.56,100.0,-88.0,149.5,-88.0,4977.56,4976.51,100.0,True,
2026-03-02T14:55:40,34,RR1.00:12-13:510:2011,2026-03-02T12:02:40,5065.56,100.0,-88.0,149.5,-88.0,4977.56,4976.51,100.0,True,
2026-03-02T14:55:40,35,RR1.00:12-13:510:2011,2026-03-02T12:02:40,5065.56,100.0,-88.0,149.5,-88.0,4977.56,4976.51,100.0,True,
2026-03-02T14:55:40,36,RR1.00:12-13:510:2011,2026-03-02T12:02:40,5065.56,100.0,-88.0,149.5,-88.0,4977.56,4976.51,100.0,True,
2026-03-02T14:55:40,37,RR1.00:12-13:510:2011,2026-03-02T12:02:40,5065.56,100.0,-88.0,149.5,-88.0,4977.56,4976.51,100.0,True,
2026-03-02T14:55:40,38,RR1.00:12-13:510:2011,2026-03-02T12:02:40,5065.56,100.0,-88.0,149.5,-88.0,4977.56,4976.51,100.0,True,
2026-03-02T14:55:40,39,RR1.00:12-13:510:2011,2026-03-02T12:02:40,5065.56,100.0,-88.0,149.5,-88.0,4977.56,4976.51,100.0,True,
2026-03-02T14:55:40,40,RR1.00:12-13:510:2011,2026-03-02T12:02:40,5065.56,100.0,-88.0,149.5,-88.0,4977.56,4976.51,100.0,True,
2026-03-02T14:55:40,41,RR1.00:12-13:510:2011,2026-03-02T12:02:40,5065.56,100.0,-88.0,149.5,-88.0,4977.56,4976.51,100.0,True,
2026-03-02T14:55:40,42,RR1.00:12-13:510:2011,2026-03-02T12:02:40,5065.56,100.0,-88.0,149.5,-88.0,4977.56,4976.51,100.0,True,
2026-03-02T14:55:40,43,RR1.00:12-13:510:2011,2026-03-02T12:02:40,5065.56,100.0,-88.0,149.5,-88.0,4977.56,4976.51,100.0,True,
2026-03-02T14:55:40,44,RR1.00:12-13:510:2011,2026-03-02T12:02:40,5065.56,100.0,-88.0,149.5,-88.0,4977.56,4976.51,100.0,True,
2026-03-02T14:55:40,48,RR1.00:12-13:510:2011,2026-03-02T12:02:40,5065.56,100.0,-88.0,149.5,-88.0,4977.56,4976.51,100.0,True,
2026-03-02T14:55:40,49,RR1.00:12-13:510:2011,2026-03-02T12:02:40,5065.56,100.0,-88.0,149.5,-88.0,4977.56,4976.51,100.0,True,
2026-03-02T14:55:40,55,RR1.00:12-13:510:2011,2026-03-02T12:02:40,5065.56,100.0,-88.0,149.5,-88.0,4977.56,4976.51,100.0,True,
2026-03-02T14:55:40,56,RR1.00:12-13:510:2011,2026-03-02T12:02:40,5065.56,100.0,-88.0,149.5,-88.0,4977.56,4976.51,100.0,True,
2026-03-02T15:58:40,4,RR1.00:15-16:678:2220,2026-03-02T15:19:40,4976.51,100.0,-108.5,150.5,-108.5,4868.01,4866.96,100.0,True,
2026-03-02T15:58:40,30,RR1.00:15-16:678:2220,2026-03-02T15:19:40,4976.51,100.0,-108.5,150.5,-108.5,4868.01,4866.96,100.0,True,
2026-03-02T15:58:40,31,RR1.00:15-16:678:2220,2026-03-02T15:19:40,4976.51,100.0,-108.5,150.5,-108.5,4868.01,4866.96,100.0,True,
2026-03-02T15:58:40,32,RR1.00:15-16:678:2220,2026-03-02T15:19:40,4976.51,100.0,-108.5,150.5,-108.5,4868.01,4866.96,100.0,True,
2026-03-02T15:58:40,33,RR1.00:15-16:678:2220,2026-03-02T15:19:40,4976.51,100.0,-108.5,150.5,-108.5,4868.01,4866.96,100.0,True,
2026-03-02T15:58:40,34,RR1.00:15-16:678:2220,2026-03-02T15:19:40,4976.51,100.0,-108.5,150.5,-108.5,4868.01,4866.96,100.0,True,
2026-03-02T15:58:40,35,RR1.00:15-16:678:2220,2026-03-02T15:19:40,4976.51,100.0,-108.5,150.5,-108.5,4868.01,4866.96,100.0,True,
2026-03-02T15:58:40,36,RR1.00:15-16:678:2220,2026-03-02T15:19:40,4976.51,100.0,-108.5,150.5,-108.5,4868.01,4866.96,100.0,True,
2026-03-02T15:58:40,37,RR1.00:15-16:678:2220,2026-03-02T15:19:40,4976.51,100.0,-108.5,150.5,-108.5,4868.01,4866.96,100.0,True,
2026-03-02T15:58:40,38,RR1.00:15-16:678:2220,2026-03-02T15:19:40,4976.51,100.0,-108.5,150.5,-108.5,4868.01,4866.96,100.0,True,
2026-03-02T15:58:40,39,RR1.00:15-16:678:2220,2026-03-02T15:19:40,4976.51,100.0,-108.5,150.5,-108.5,4868.01,4866.96,100.0,True,
2026-03-02T15:58:40,40,RR1.00:15-16:678:2220,2026-03-02T15:19:40,4976.51,100.0,-108.5,150.5,-108.5,4868.01,4866.96,100.0,True,
2026-03-02T15:58:40,41,RR1.00:15-16:678:2220,2026-03-02T15:19:40,4976.51,100.0,-108.5,150.5,-108.5,4868.01,4866.96,100.0,True,
2026-03-02T15:58:40,42,RR1.00:15-16:678:2220,2026-03-02T15:19:40,4976.51,100.0,-108.5,150.5,-108.5,4868.01,4866.96,100.0,True,
2026-03-02T15:58:40,43,RR1.00:15-16:678:2220,2026-03-02T15:19:40,4976.51,100.0,-108.5,150.5,-108.5,4868.01,4866.96,100.0,True,
2026-03-02T15:58:40,44,RR1.00:15-16:678:2220,2026-03-02T15:19:40,4976.51,100.0,-108.5,150.5,-108.5,4868.01,4866.96,100.0,True,
2026-03-02T15:58:40,48,RR1.00:15-16:678:2220,2026-03-02T15:19:40,4976.51,100.0,-108.5,150.5,-108.5,4868.01,4866.96,100.0,True,
2026-03-02T15:58:40,49,RR1.00:15-16:678:2220,2026-03-02T15:19:40,4976.51,100.0,-108.5,150.5,-108.5,4868.01,4866.96,100.0,True,
2026-03-02T15:58:40,55,RR1.00:15-16:678:2220,2026-03-02T15:19:40,4976.51,100.0,-108.5,150.5,-108.5,4868.01,4866.96,100.0,True,
2026-03-02T15:58:40,56,RR1.00:15-16:678:2220,2026-03-02T15:19:40,4976.51,100.0,-108.5,150.5,-108.5,4868.01,4866.96,100.0,True,
2026-03-02T17:00:00,4,RR1.00:16-17:840:2401,2026-03-02T16:31:40,4866.96,100.0,32.5,376.5,303.5,4866.96,5169.41,100.0,True,
2026-03-02T17:00:00,30,RR1.00:16-17:840:2401,2026-03-02T16:31:40,4866.96,100.0,32.5,376.5,303.5,4866.96,5169.41,100.0,True,
2026-03-02T17:00:00,31,RR1.00:16-17:840:2401,2026-03-02T16:31:40,4866.96,100.0,32.5,376.5,303.5,4866.96,5169.41,100.0,True,
2026-03-02T17:00:00,32,RR1.00:16-17:840:2401,2026-03-02T16:31:40,4866.96,100.0,32.5,376.5,303.5,4866.96,5169.41,100.0,True,
2026-03-02T17:00:00,33,RR1.00:16-17:840:2401,2026-03-02T16:31:40,4866.96,100.0,32.5,376.5,303.5,4866.96,5169.41,100.0,True,
2026-03-02T17:00:00,34,RR1.00:16-17:840:2401,2026-03-02T16:31:40,4866.96,100.0,32.5,376.5,303.5,4866.96,5169.41,100.0,True,
2026-03-02T17:00:00,35,RR1.00:16-17:840:2401,2026-03-02T16:31:40,4866.96,100.0,32.5,376.5,303.5,4866.96,5169.41,100.0,True,
2026-03-02T17:00:00,36,RR1.00:16-17:840:2401,2026-03-02T16:31:40,4866.96,100.0,32.5,376.5,303.5,4866.96,5169.41,100.0,True,
2026-03-02T17:00:00,37,RR1.00:16-17:840:2401,2026-03-02T16:31:40,4866.96,100.0,32.5,376.5,303.5,4866.96,5169.41,100.0,True,
2026-03-02T17:00:00,38,RR1.00:16-17:840:2401,2026-03-02T16:31:40,4866.96,100.0,32.5,376.5,303.5,4866.96,5169.41,100.0,True,
2026-03-02T17:00:00,39,RR1.00:16-17:840:2401,2026-03-02T16:31:40,4866.96,100.0,32.5,376.5,303.5,4866.96,5169.41,100.0,True,
2026-03-02T17:00:00,40,RR1.00:16-17:840:2401,2026-03-02T16:31:40,4866.96,100.0,32.5,376.5,303.5,4866.96,5169.41,100.0,True,
2026-03-02T17:00:00,41,RR1.00:16-17:840:2401,2026-03-02T16:31:40,4866.96,100.0,32.5,376.5,303.5,4866.96,5169.41,100.0,True,
2026-03-02T17:00:00,42,RR1.00:16-17:840:2401,2026-03-02T16:31:40,4866.96,100.0,32.5,376.5,303.5,4866.96,5169.41,100.0,True,
2026-03-02T17:00:00,43,RR1.00:16-17:840:2401,2026-03-02T16:31:40,4866.96,100.0,32.5,376.5,303.5,4866.96,5169.41,100.0,True,
2026-03-02T17:00:00,44,RR1.00:16-17:840:2401,2026-03-02T16:31:40,4866.96,100.0,32.5,376.5,303.5,4866.96,5169.41,100.0,True,
2026-03-02T17:00:00,48,RR1.00:16-17:840:2401,2026-03-02T16:31:40,4866.96,100.0,32.5,376.5,303.5,4866.96,5169.41,100.0,True,
2026-03-02T17:00:00,49,RR1.00:16-17:840:2401,2026-03-02T16:31:40,4866.96,100.0,32.5,376.5,303.5,4866.96,5169.41,100.0,True,
2026-03-02T17:00:00,55,RR1.00:16-17:840:2401,2026-03-02T16:31:40,4866.96,100.0,32.5,376.5,303.5,4866.96,5169.41,100.0,True,
2026-03-02T17:00:00,56,RR1.00:16-17:840:2401,2026-03-02T16:31:40,4866.96,100.0,32.5,376.5,303.5,4866.96,5169.41,100.0,True,
2026-03-02T22:11:20,4,RR1.00:21-22:532:1975,2026-03-02T21:11:40,5169.41,100.0,-142.0,123.0,-142.0,5027.41,5026.36,100.0,True,
2026-03-02T22:11:20,30,RR1.00:21-22:532:1975,2026-03-02T21:11:40,5169.41,100.0,-142.0,123.0,-142.0,5027.41,5026.36,100.0,True,
2026-03-02T22:11:20,31,RR1.00:21-22:532:1975,2026-03-02T21:11:40,5169.41,100.0,-142.0,123.0,-142.0,5027.41,5026.36,100.0,True,
2026-03-02T22:11:20,32,RR1.00:21-22:532:1975,2026-03-02T21:11:40,5169.41,100.0,-142.0,123.0,-142.0,5027.41,5026.36,100.0,True,
2026-03-02T22:11:20,33,RR1.00:21-22:532:1975,2026-03-02T21:11:40,5169.41,100.0,-142.0,123.0,-142.0,5027.41,5026.36,100.0,True,
2026-03-02T22:11:20,34,RR1.00:21-22:532:1975,2026-03-02T21:11:40,5169.41,100.0,-142.0,123.0,-142.0,5027.41,5026.36,100.0,True,
2026-03-02T22:11:20,35,RR1.00:21-22:532:1975,2026-03-02T21:11:40,5169.41,100.0,-142.0,123.0,-142.0,5027.41,5026.36,100.0,True,
2026-03-02T22:11:20,36,RR1.00:21-22:532:1975,2026-03-02T21:11:40,5169.41,100.0,-142.0,123.0,-142.0,5027.41,5026.36,100.0,True,
2026-03-02T22:11:20,37,RR1.00:21-22:532:1975,2026-03-02T21:11:40,5169.41,100.0,-142.0,123.0,-142.0,5027.41,5026.36,100.0,True,
2026-03-02T22:11:20,38,RR1.00:21-22:532:1975,2026-03-02T21:11:40,5169.41,100.0,-142.0,123.0,-142.0,5027.41,5026.36,100.0,True,
2026-03-02T22:11:20,39,RR1.00:21-22:532:1975,2026-03-02T21:11:40,5169.41,100.0,-142.0,123.0,-142.0,5027.41,5026.36,100.0,True,
2026-03-02T22:11:20,40,RR1.00:21-22:532:1975,2026-03-02T21:11:40,5169.41,100.0,-142.0,123.0,-142.0,5027.41,5026.36,100.0,True,
2026-03-02T22:11:20,41,RR1.00:21-22:532:1975,2026-03-02T21:11:40,5169.41,100.0,-142.0,123.0,-142.0,5027.41,5026.36,100.0,True,
2026-03-02T22:11:20,42,RR1.00:21-22:532:1975,2026-03-02T21:11:40,5169.41,100.0,-142.0,123.0,-142.0,5027.41,5026.36,100.0,True,
2026-03-02T22:11:20,43,RR1.00:21-22:532:1975,2026-03-02T21:11:40,5169.41,100.0,-142.0,123.0,-142.0,5027.41,5026.36,100.0,True,
2026-03-02T22:11:20,44,RR1.00:21-22:532:1975,2026-03-02T21:11:40,5169.41,100.0,-142.0,123.0,-142.0,5027.41,5026.36,100.0,True,
2026-03-02T22:11:20,48,RR1.00:21-22:532:1975,2026-03-02T21:11:40,5169.41,100.0,-142.0,123.0,-142.0,5027.41,5026.36,100.0,True,
2026-03-02T22:11:20,49,RR1.00:21-22:532:1975,2026-03-02T21:11:40,5169.41,100.0,-142.0,123.0,-142.0,5027.41,5026.36,100.0,True,
2026-03-02T22:11:20,55,RR1.00:21-22:532:1975,2026-03-02T21:11:40,5169.41,100.0,-142.0,123.0,-142.0,5027.41,5026.36,100.0,True,
2026-03-02T22:11:20,56,RR1.00:21-22:532:1975,2026-03-02T21:11:40,5169.41,100.0,-142.0,123.0,-142.0,5027.41,5026.36,100.0,True,
2026-03-02T23:30:00,4,RR1.00:18-19:459:1959,2026-03-02T18:41:40,5026.36,100.0,-89.0,219.5,10.0,4937.36,5035.31,100.0,True,
2026-03-02T23:30:00,30,RR1.00:18-19:459:1959,2026-03-02T18:41:40,5026.36,100.0,-89.0,219.5,10.0,4937.36,5035.31,100.0,True,
2026-03-02T23:30:00,31,RR1.00:18-19:459:1959,2026-03-02T18:41:40,5026.36,100.0,-89.0,219.5,10.0,4937.36,5035.31,100.0,True,
2026-03-02T23:30:00,32,RR1.00:18-19:459:1959,2026-03-02T18:41:40,5026.36,100.0,-89.0,219.5,10.0,4937.36,5035.31,100.0,True,
2026-03-02T23:30:00,33,RR1.00:18-19:459:1959,2026-03-02T18:41:40,5026.36,100.0,-89.0,219.5,10.0,4937.36,5035.31,100.0,True,
2026-03-02T23:30:00,34,RR1.00:18-19:459:1959,2026-03-02T18:41:40,5026.36,100.0,-89.0,219.5,10.0,4937.36,5035.31,100.0,True,
2026-03-02T23:30:00,35,RR1.00:18-19:459:1959,2026-03-02T18:41:40,5026.36,100.0,-89.0,219.5,10.0,4937.36,5035.31,100.0,True,
2026-03-02T23:30:00,36,RR1.00:18-19:459:1959,2026-03-02T18:41:40,5026.36,100.0,-89.0,219.5,10.0,4937.36,5035.31,100.0,True,
2026-03-02T23:30:00,37,RR1.00:18-19:459:1959,2026-03-02T18:41:40,5026.36,100.0,-89.0,219.5,10.0,4937.36,5035.31,100.0,True,
2026-03-02T23:30:00,38,RR1.00:18-19:459:1959,2026-03-02T18:41:40,5026.36,100.0,-89.0,219.5,10.0,4937.36,5035.31,100.0,True,
2026-03-02T23:30:00,39,RR1.00:18-19:459:1959,2026-03-02T18:41:40,5026.36,100.0,-89.0,219.5,10.0,4937.36,5035.31,100.0,True,
2026-03-02T23:30:00,40,RR1.00:18-19:459:1959,2026-03-02T18:41:40,5026.36,100.0,-89.0,219.5,10.0,4937.36,5035.31,100.0,True,
2026-03-02T23:30:00,41,RR1.00:18-19:459:1959,2026-03-02T18:41:40,5026.36,100.0,-89.0,219.5,10.0,4937.36,5035.31,100.0,True,
2026-03-02T23:30:00,42,RR1.00:18-19:459:1959,2026-03-02T18:41:40,5026.36,100.0,-89.0,219.5,10.0,4937.36,5035.31,100.0,True,
2026-03-02T23:30:00,43,RR1.00:18-19:459:1959,2026-03-02T18:41:40,5026.36,100.0,-89.0,219.5,10.0,4937.36,5035.31,100.0,True,
2026-03-02T23:30:00,44,RR1.00:18-19:459:1959,2026-03-02T18:41:40,5026.36,100.0,-89.0,219.5,10.0,4937.36,5035.31,100.0,True,
2026-03-02T23:30:00,48,RR1.00:18-19:459:1959,2026-03-02T18:41:40,5026.36,100.0,-89.0,219.5,10.0,4937.36,5035.31,100.0,True,
2026-03-02T23:30:00,49,RR1.00:18-19:459:1959,2026-03-02T18:41:40,5026.36,100.0,-89.0,219.5,10.0,4937.36,5035.31,100.0,True,
2026-03-02T23:30:00,55,RR1.00:18-19:459:1959,2026-03-02T18:41:40,5026.36,100.0,-89.0,219.5,10.0,4937.36,5035.31,100.0,True,
2026-03-02T23:30:00,56,RR1.00:18-19:459:1959,2026-03-02T18:41:40,5026.36,100.0,-89.0,219.5,10.0,4937.36,5035.31,100.0,True,
2026-03-03T01:01:40,4,RR1.00:1-2:448:1821,2026-03-03T01:00:20,5035.31,100.0,-58.5,6.5,-58.5,4976.81,4975.76,100.0,True,
2026-03-03T01:01:40,30,RR1.00:1-2:448:1821,2026-03-03T01:00:20,5035.31,100.0,-58.5,6.5,-58.5,4976.81,4975.76,100.0,True,
2026-03-03T01:01:40,31,RR1.00:1-2:448:1821,2026-03-03T01:00:20,5035.31,100.0,-58.5,6.5,-58.5,4976.81,4975.76,100.0,True,
2026-03-03T01:01:40,32,RR1.00:1-2:448:1821,2026-03-03T01:00:20,5035.31,100.0,-58.5,6.5,-58.5,4976.81,4975.76,100.0,True,
2026-03-03T01:01:40,33,RR1.00:1-2:448:1821,2026-03-03T01:00:20,5035.31,100.0,-58.5,6.5,-58.5,4976.81,4975.76,100.0,True,
2026-03-03T01:01:40,34,RR1.00:1-2:448:1821,2026-03-03T01:00:20,5035.31,100.0,-58.5,6.5,-58.5,4976.81,4975.76,100.0,True,
2026-03-03T01:01:40,35,RR1.00:1-2:448:1821,2026-03-03T01:00:20,5035.31,100.0,-58.5,6.5,-58.5,4976.81,4975.76,100.0,True,
2026-03-03T01:01:40,36,RR1.00:1-2:448:1821,2026-03-03T01:00:20,5035.31,100.0,-58.5,6.5,-58.5,4976.81,4975.76,100.0,True,
2026-03-03T01:01:40,37,RR1.00:1-2:448:1821,2026-03-03T01:00:20,5035.31,100.0,-58.5,6.5,-58.5,4976.81,4975.76,100.0,True,
2026-03-03T01:01:40,38,RR1.00:1-2:448:1821,2026-03-03T01:00:20,5035.31,100.0,-58.5,6.5,-58.5,4976.81,4975.76,100.0,True,
2026-03-03T01:01:40,39,RR1.00:1-2:448:1821,2026-03-03T01:00:20,5035.31,100.0,-58.5,6.5,-58.5,4976.81,4975.76,100.0,True,
2026-03-03T01:01:40,40,RR1.00:1-2:448:1821,2026-03-03T01:00:20,5035.31,100.0,-58.5,6.5,-58.5,4976.81,4975.76,100.0,True,
2026-03-03T01:01:40,41,RR1.00:1-2:448:1821,2026-03-03T01:00:20,5035.31,100.0,-58.5,6.5,-58.5,4976.81,4975.76,100.0,True,
2026-03-03T01:01:40,42,RR1.00:1-2:448:1821,2026-03-03T01:00:20,5035.31,100.0,-58.5,6.5,-58.5,4976.81,4975.76,100.0,True,
2026-03-03T01:01:40,43,RR1.00:1-2:448:1821,2026-03-03T01:00:20,5035.31,100.0,-58.5,6.5,-58.5,4976.81,4975.76,100.0,True,
2026-03-03T01:01:40,44,RR1.00:1-2:448:1821,2026-03-03T01:00:20,5035.31,100.0,-58.5,6.5,-58.5,4976.81,4975.76,100.0,True,
2026-03-03T01:01:40,48,RR1.00:1-2:448:1821,2026-03-03T01:00:20,5035.31,100.0,-58.5,6.5,-58.5,4976.81,4975.76,100.0,True,
2026-03-03T01:01:40,49,RR1.00:1-2:448:1821,2026-03-03T01:00:20,5035.31,100.0,-58.5,6.5,-58.5,4976.81,4975.76,100.0,True,
2026-03-03T01:01:40,55,RR1.00:1-2:448:1821,2026-03-03T01:00:20,5035.31,100.0,-58.5,6.5,-58.5,4976.81,4975.76,100.0,True,
2026-03-03T01:01:40,56,RR1.00:1-2:448:1821,2026-03-03T01:00:20,5035.31,100.0,-58.5,6.5,-58.5,4976.81,4975.76,100.0,True,
2026-03-03T03:29:40,4,RR1.00:3-4:550:2054,2026-03-03T03:11:20,4975.76,100.0,-54.0,16.0,-54.0,4921.76,4920.71,100.0,True,
2026-03-03T03:29:40,30,RR1.00:3-4:550:2054,2026-03-03T03:11:20,4975.76,100.0,-54.0,16.0,-54.0,4921.76,4920.71,100.0,True,
2026-03-03T03:29:40,31,RR1.00:3-4:550:2054,2026-03-03T03:11:20,4975.76,100.0,-54.0,16.0,-54.0,4921.76,4920.71,100.0,True,
2026-03-03T03:29:40,32,RR1.00:3-4:550:2054,2026-03-03T03:11:20,4975.76,100.0,-54.0,16.0,-54.0,4921.76,4920.71,100.0,True,
2026-03-03T03:29:40,33,RR1.00:3-4:550:2054,2026-03-03T03:11:20,4975.76,100.0,-54.0,16.0,-54.0,4921.76,4920.71,100.0,True,
2026-03-03T03:29:40,34,RR1.00:3-4:550:2054,2026-03-03T03:11:20,4975.76,100.0,-54.0,16.0,-54.0,4921.76,4920.71,100.0,True,
2026-03-03T03:29:40,35,RR1.00:3-4:550:2054,2026-03-03T03:11:20,4975.76,100.0,-54.0,16.0,-54.0,4921.76,4920.71,100.0,True,
2026-03-03T03:29:40,36,RR1.00:3-4:550:2054,2026-03-03T03:11:20,4975.76,100.0,-54.0,16.0,-54.0,4921.76,4920.71,100.0,True,
2026-03-03T03:29:40,37,RR1.00:3-4:550:2054,2026-03-03T03:11:20,4975.76,100.0,-54.0,16.0,-54.0,4921.76,4920.71,100.0,True,
2026-03-03T03:29:40,38,RR1.00:3-4:550:2054,2026-03-03T03:11:20,4975.76,100.0,-54.0,16.0,-54.0,4921.76,4920.71,100.0,True,
2026-03-03T03:29:40,39,RR1.00:3-4:550:2054,2026-03-03T03:11:20,4975.76,100.0,-54.0,16.0,-54.0,4921.76,4920.71,100.0,True,
2026-03-03T03:29:40,40,RR1.00:3-4:550:2054,2026-03-03T03:11:20,4975.76,100.0,-54.0,16.0,-54.0,4921.76,4920.71,100.0,True,
2026-03-03T03:29:40,41,RR1.00:3-4:550:2054,2026-03-03T03:11:20,4975.76,100.0,-54.0,16.0,-54.0,4921.76,4920.71,100.0,True,
2026-03-03T03:29:40,42,RR1.00:3-4:550:2054,2026-03-03T03:11:20,4975.76,100.0,-54.0,16.0,-54.0,4921.76,4920.71,100.0,True,
2026-03-03T03:29:40,43,RR1.00:3-4:550:2054,2026-03-03T03:11:20,4975.76,100.0,-54.0,16.0,-54.0,4921.76,4920.71,100.0,True,
2026-03-03T03:29:40,44,RR1.00:3-4:550:2054,2026-03-03T03:11:20,4975.76,100.0,-54.0,16.0,-54.0,4921.76,4920.71,100.0,True,
2026-03-03T03:29:40,48,RR1.00:3-4:550:2054,2026-03-03T03:11:20,4975.76,100.0,-54.0,16.0,-54.0,4921.76,4920.71,100.0,True,
2026-03-03T03:29:40,49,RR1.00:3-4:550:2054,2026-03-03T03:11:20,4975.76,100.0,-54.0,16.0,-54.0,4921.76,4920.71,100.0,True,
2026-03-03T03:29:40,55,RR1.00:3-4:550:2054,2026-03-03T03:11:20,4975.76,100.0,-54.0,16.0,-54.0,4921.76,4920.71,100.0,True,
2026-03-03T03:29:40,56,RR1.00:3-4:550:2054,2026-03-03T03:11:20,4975.76,100.0,-54.0,16.0,-54.0,4921.76,4920.71,100.0,True,
2026-03-03T05:31:40,4,RR1.00:4-5:526:2046,2026-03-03T04:41:40,4920.71,100.0,-143.5,10.0,-143.5,4777.21,4776.16,100.0,True,
2026-03-03T05:31:40,30,RR1.00:4-5:526:2046,2026-03-03T04:41:40,4920.71,100.0,-143.5,10.0,-143.5,4777.21,4776.16,100.0,True,
2026-03-03T05:31:40,31,RR1.00:4-5:526:2046,2026-03-03T04:41:40,4920.71,100.0,-143.5,10.0,-143.5,4777.21,4776.16,100.0,True,
2026-03-03T05:31:40,32,RR1.00:4-5:526:2046,2026-03-03T04:41:40,4920.71,100.0,-143.5,10.0,-143.5,4777.21,4776.16,100.0,True,
2026-03-03T05:31:40,33,RR1.00:4-5:526:2046,2026-03-03T04:41:40,4920.71,100.0,-143.5,10.0,-143.5,4777.21,4776.16,100.0,True,
2026-03-03T05:31:40,34,RR1.00:4-5:526:2046,2026-03-03T04:41:40,4920.71,100.0,-143.5,10.0,-143.5,4777.21,4776.16,100.0,True,
2026-03-03T05:31:40,35,RR1.00:4-5:526:2046,2026-03-03T04:41:40,4920.71,100.0,-143.5,10.0,-143.5,4777.21,4776.16,100.0,True,
2026-03-03T05:31:40,36,RR1.00:4-5:526:2046,2026-03-03T04:41:40,4920.71,100.0,-143.5,10.0,-143.5,4777.21,4776.16,100.0,True,
2026-03-03T05:31:40,37,RR1.00:4-5:526:2046,2026-03-03T04:41:40,4920.71,100.0,-143.5,10.0,-143.5,4777.21,4776.16,100.0,True,
2026-03-03T05:31:40,38,RR1.00:4-5:526:2046,2026-03-03T04:41:40,4920.71,100.0,-143.5,10.0,-143.5,4777.21,4776.16,100.0,True,
2026-03-03T05:31:40,39,RR1.00:4-5:526:2046,2026-03-03T04:41:40,4920.71,100.0,-143.5,10.0,-143.5,4777.21,4776.16,100.0,True,
2026-03-03T05:31:40,40,RR1.00:4-5:526:2046,2026-03-03T04:41:40,4920.71,100.0,-143.5,10.0,-143.5,4777.21,4776.16,100.0,True,
2026-03-03T05:31:40,41,RR1.00:4-5:526:2046,2026-03-03T04:41:40,4920.71,100.0,-143.5,10.0,-143.5,4777.21,4776.16,100.0,True,
2026-03-03T05:31:40,42,RR1.00:4-5:526:2046,2026-03-03T04:41:40,4920.71,100.0,-143.5,10.0,-143.5,4777.21,4776.16,100.0,True,
2026-03-03T05:31:40,43,RR1.00:4-5:526:2046,2026-03-03T04:41:40,4920.71,100.0,-143.5,10.0,-143.5,4777.21,4776.16,100.0,True,
2026-03-03T05:31:40,44,RR1.00:4-5:526:2046,2026-03-03T04:41:40,4920.71,100.0,-143.5,10.0,-143.5,4777.21,4776.16,100.0,True,
2026-03-03T05:31:40,48,RR1.00:4-5:526:2046,2026-03-03T04:41:40,4920.71,100.0,-143.5,10.0,-143.5,4777.21,4776.16,100.0,True,
2026-03-03T05:31:40,49,RR1.00:4-5:526:2046,2026-03-03T04:41:40,4920.71,100.0,-143.5,10.0,-143.5,4777.21,4776.16,100.0,True,
2026-03-03T05:31:40,55,RR1.00:4-5:526:2046,2026-03-03T04:41:40,4920.71,100.0,-143.5,10.0,-143.5,4777.21,4776.16,100.0,True,
2026-03-03T05:31:40,56,RR1.00:4-5:526:2046,2026-03-03T04:41:40,4920.71,100.0,-143.5,10.0,-143.5,4777.21,4776.16,100.0,True,
2026-03-03T17:17:40,4,RR1.00:16-17:841:2403,2026-03-03T16:22:40,4776.16,100.0,-170.0,257.0,-170.0,4606.16,4605.11,100.0,True,
2026-03-03T17:17:40,30,RR1.00:16-17:841:2403,2026-03-03T16:22:40,4776.16,100.0,-170.0,257.0,-170.0,4606.16,4605.11,100.0,True,
2026-03-03T17:17:40,31,RR1.00:16-17:841:2403,2026-03-03T16:22:40,4776.16,100.0,-170.0,257.0,-170.0,4606.16,4605.11,100.0,True,
2026-03-03T17:17:40,32,RR1.00:16-17:841:2403,2026-03-03T16:22:40,4776.16,100.0,-170.0,257.0,-170.0,4606.16,4605.11,100.0,True,
2026-03-03T17:17:40,33,RR1.00:16-17:841:2403,2026-03-03T16:22:40,4776.16,100.0,-170.0,257.0,-170.0,4606.16,4605.11,100.0,True,
2026-03-03T17:17:40,34,RR1.00:16-17:841:2403,2026-03-03T16:22:40,4776.16,100.0,-170.0,257.0,-170.0,4606.16,4605.11,100.0,True,
2026-03-03T17:17:40,35,RR1.00:16-17:841:2403,2026-03-03T16:22:40,4776.16,100.0,-170.0,257.0,-170.0,4606.16,4605.11,100.0,True,
2026-03-03T17:17:40,36,RR1.00:16-17:841:2403,2026-03-03T16:22:40,4776.16,100.0,-170.0,257.0,-170.0,4606.16,4605.11,100.0,True,
2026-03-03T17:17:40,37,RR1.00:16-17:841:2403,2026-03-03T16:22:40,4776.16,100.0,-170.0,257.0,-170.0,4606.16,4605.11,100.0,True,
2026-03-03T17:17:40,38,RR1.00:16-17:841:2403,2026-03-03T16:22:40,4776.16,100.0,-170.0,257.0,-170.0,4606.16,4605.11,100.0,True,
2026-03-03T17:17:40,39,RR1.00:16-17:841:2403,2026-03-03T16:22:40,4776.16,100.0,-170.0,257.0,-170.0,4606.16,4605.11,100.0,True,
2026-03-03T17:17:40,40,RR1.00:16-17:841:2403,2026-03-03T16:22:40,4776.16,100.0,-170.0,257.0,-170.0,4606.16,4605.11,100.0,True,
2026-03-03T17:17:40,41,RR1.00:16-17:841:2403,2026-03-03T16:22:40,4776.16,100.0,-170.0,257.0,-170.0,4606.16,4605.11,100.0,True,
2026-03-03T17:17:40,42,RR1.00:16-17:841:2403,2026-03-03T16:22:40,4776.16,100.0,-170.0,257.0,-170.0,4606.16,4605.11,100.0,True,
2026-03-03T17:17:40,43,RR1.00:16-17:841:2403,2026-03-03T16:22:40,4776.16,100.0,-170.0,257.0,-170.0,4606.16,4605.11,100.0,True,
2026-03-03T17:17:40,44,RR1.00:16-17:841:2403,2026-03-03T16:22:40,4776.16,100.0,-170.0,257.0,-170.0,4606.16,4605.11,100.0,True,
2026-03-03T17:17:40,48,RR1.00:16-17:841:2403,2026-03-03T16:22:40,4776.16,100.0,-170.0,257.0,-170.0,4606.16,4605.11,100.0,True,
2026-03-03T17:17:40,49,RR1.00:16-17:841:2403,2026-03-03T16:22:40,4776.16,100.0,-170.0,257.0,-170.0,4606.16,4605.11,100.0,True,
2026-03-03T17:17:40,55,RR1.00:16-17:841:2403,2026-03-03T16:22:40,4776.16,100.0,-170.0,257.0,-170.0,4606.16,4605.11,100.0,True,
2026-03-03T17:17:40,56,RR1.00:16-17:841:2403,2026-03-03T16:22:40,4776.16,100.0,-170.0,257.0,-170.0,4606.16,4605.11,100.0,True,
2026-03-03T22:51:40,4,RR1.00:21-22:533:1977,2026-03-03T21:37:40,4605.11,100.0,-166.5,73.0,-166.5,4438.61,4437.56,100.0,True,
2026-03-03T22:51:40,30,RR1.00:21-22:533:1977,2026-03-03T21:37:40,4605.11,100.0,-166.5,73.0,-166.5,4438.61,4437.56,100.0,True,
2026-03-03T22:51:40,31,RR1.00:21-22:533:1977,2026-03-03T21:37:40,4605.11,100.0,-166.5,73.0,-166.5,4438.61,4437.56,100.0,True,
2026-03-03T22:51:40,32,RR1.00:21-22:533:1977,2026-03-03T21:37:40,4605.11,100.0,-166.5,73.0,-166.5,4438.61,4437.56,100.0,True,
2026-03-03T22:51:40,33,RR1.00:21-22:533:1977,2026-03-03T21:37:40,4605.11,100.0,-166.5,73.0,-166.5,4438.61,4437.56,100.0,True,
2026-03-03T22:51:40,34,RR1.00:21-22:533:1977,2026-03-03T21:37:40,4605.11,100.0,-166.5,73.0,-166.5,4438.61,4437.56,100.0,True,
2026-03-03T22:51:40,35,RR1.00:21-22:533:1977,2026-03-03T21:37:40,4605.11,100.0,-166.5,73.0,-166.5,4438.61,4437.56,100.0,True,
2026-03-03T22:51:40,36,RR1.00:21-22:533:1977,2026-03-03T21:37:40,4605.11,100.0,-166.5,73.0,-166.5,4438.61,4437.56,100.0,True,
2026-03-03T22:51:40,37,RR1.00:21-22:533:1977,2026-03-03T21:37:40,4605.11,100.0,-166.5,73.0,-166.5,4438.61,4437.56,100.0,True,
2026-03-03T22:51:40,38,RR1.00:21-22:533:1977,2026-03-03T21:37:40,4605.11,100.0,-166.5,73.0,-166.5,4438.61,4437.56,100.0,True,
2026-03-03T22:51:40,39,RR1.00:21-22:533:1977,2026-03-03T21:37:40,4605.11,100.0,-166.5,73.0,-166.5,4438.61,4437.56,100.0,True,
2026-03-03T22:51:40,40,RR1.00:21-22:533:1977,2026-03-03T21:37:40,4605.11,100.0,-166.5,73.0,-166.5,4438.61,4437.56,100.0,True,
2026-03-03T22:51:40,41,RR1.00:21-22:533:1977,2026-03-03T21:37:40,4605.11,100.0,-166.5,73.0,-166.5,4438.61,4437.56,100.0,True,
2026-03-03T22:51:40,42,RR1.00:21-22:533:1977,2026-03-03T21:37:40,4605.11,100.0,-166.5,73.0,-166.5,4438.61,4437.56,100.0,True,
2026-03-03T22:51:40,43,RR1.00:21-22:533:1977,2026-03-03T21:37:40,4605.11,100.0,-166.5,73.0,-166.5,4438.61,4437.56,100.0,True,
2026-03-03T22:51:40,44,RR1.00:21-22:533:1977,2026-03-03T21:37:40,4605.11,100.0,-166.5,73.0,-166.5,4438.61,4437.56,100.0,True,
2026-03-03T22:51:40,48,RR1.00:21-22:533:1977,2026-03-03T21:37:40,4605.11,100.0,-166.5,73.0,-166.5,4438.61,4437.56,100.0,True,
2026-03-03T22:51:40,49,RR1.00:21-22:533:1977,2026-03-03T21:37:40,4605.11,100.0,-166.5,73.0,-166.5,4438.61,4437.56,100.0,True,
2026-03-03T22:51:40,55,RR1.00:21-22:533:1977,2026-03-03T21:37:40,4605.11,100.0,-166.5,73.0,-166.5,4438.61,4437.56,100.0,True,
2026-03-03T22:51:40,56,RR1.00:21-22:533:1977,2026-03-03T21:37:40,4605.11,100.0,-166.5,73.0,-166.5,4438.61,4437.56,100.0,True,
2026-03-03T23:30:00,4,RR1.00:20-21:511:1897,2026-03-03T20:19:40,4437.56,100.0,-9.5,285.0,32.0,4428.06,4468.51,100.0,True,
2026-03-03T23:30:00,30,RR1.00:20-21:511:1897,2026-03-03T20:19:40,4437.56,100.0,-9.5,285.0,32.0,4428.06,4468.51,100.0,True,
2026-03-03T23:30:00,31,RR1.00:20-21:511:1897,2026-03-03T20:19:40,4437.56,100.0,-9.5,285.0,32.0,4428.06,4468.51,100.0,True,
2026-03-03T23:30:00,32,RR1.00:20-21:511:1897,2026-03-03T20:19:40,4437.56,100.0,-9.5,285.0,32.0,4428.06,4468.51,100.0,True,
2026-03-03T23:30:00,33,RR1.00:20-21:511:1897,2026-03-03T20:19:40,4437.56,100.0,-9.5,285.0,32.0,4428.06,4468.51,100.0,True,
2026-03-03T23:30:00,34,RR1.00:20-21:511:1897,2026-03-03T20:19:40,4437.56,100.0,-9.5,285.0,32.0,4428.06,4468.51,100.0,True,
2026-03-03T23:30:00,35,RR1.00:20-21:511:1897,2026-03-03T20:19:40,4437.56,100.0,-9.5,285.0,32.0,4428.06,4468.51,100.0,True,
2026-03-03T23:30:00,36,RR1.00:20-21:511:1897,2026-03-03T20:19:40,4437.56,100.0,-9.5,285.0,32.0,4428.06,4468.51,100.0,True,
2026-03-03T23:30:00,37,RR1.00:20-21:511:1897,2026-03-03T20:19:40,4437.56,100.0,-9.5,285.0,32.0,4428.06,4468.51,100.0,True,
2026-03-03T23:30:00,38,RR1.00:20-21:511:1897,2026-03-03T20:19:40,4437.56,100.0,-9.5,285.0,32.0,4428.06,4468.51,100.0,True,
2026-03-03T23:30:00,39,RR1.00:20-21:511:1897,2026-03-03T20:19:40,4437.56,100.0,-9.5,285.0,32.0,4428.06,4468.51,100.0,True,
2026-03-03T23:30:00,40,RR1.00:20-21:511:1897,2026-03-03T20:19:40,4437.56,100.0,-9.5,285.0,32.0,4428.06,4468.51,100.0,True,
2026-03-03T23:30:00,41,RR1.00:20-21:511:1897,2026-03-03T20:19:40,4437.56,100.0,-9.5,285.0,32.0,4428.06,4468.51,100.0,True,
2026-03-03T23:30:00,42,RR1.00:20-21:511:1897,2026-03-03T20:19:40,4437.56,100.0,-9.5,285.0,32.0,4428.06,4468.51,100.0,True,
2026-03-03T23:30:00,43,RR1.00:20-21:511:1897,2026-03-03T20:19:40,4437.56,100.0,-9.5,285.0,32.0,4428.06,4468.51,100.0,True,
2026-03-03T23:30:00,44,RR1.00:20-21:511:1897,2026-03-03T20:19:40,4437.56,100.0,-9.5,285.0,32.0,4428.06,4468.51,100.0,True,
2026-03-03T23:30:00,48,RR1.00:20-21:511:1897,2026-03-03T20:19:40,4437.56,100.0,-9.5,285.0,32.0,4428.06,4468.51,100.0,True,
2026-03-03T23:30:00,49,RR1.00:20-21:511:1897,2026-03-03T20:19:40,4437.56,100.0,-9.5,285.0,32.0,4428.06,4468.51,100.0,True,
2026-03-03T23:30:00,55,RR1.00:20-21:511:1897,2026-03-03T20:19:40,4437.56,100.0,-9.5,285.0,32.0,4428.06,4468.51,100.0,True,
2026-03-03T23:30:00,56,RR1.00:20-21:511:1897,2026-03-03T20:19:40,4437.56,100.0,-9.5,285.0,32.0,4428.06,4468.51,100.0,True,
2026-03-04T02:00:40,4,RR1.00:1-2:449:1824,2026-03-04T01:11:40,4468.51,100.0,-79.5,67.5,-79.5,4389.01,4387.96,100.0,True,
2026-03-04T02:00:40,30,RR1.00:1-2:449:1824,2026-03-04T01:11:40,4468.51,100.0,-79.5,67.5,-79.5,4389.01,4387.96,100.0,True,
2026-03-04T02:00:40,31,RR1.00:1-2:449:1824,2026-03-04T01:11:40,4468.51,100.0,-79.5,67.5,-79.5,4389.01,4387.96,100.0,True,
2026-03-04T02:00:40,32,RR1.00:1-2:449:1824,2026-03-04T01:11:40,4468.51,100.0,-79.5,67.5,-79.5,4389.01,4387.96,100.0,True,
2026-03-04T02:00:40,33,RR1.00:1-2:449:1824,2026-03-04T01:11:40,4468.51,100.0,-79.5,67.5,-79.5,4389.01,4387.96,100.0,True,
2026-03-04T02:00:40,34,RR1.00:1-2:449:1824,2026-03-04T01:11:40,4468.51,100.0,-79.5,67.5,-79.5,4389.01,4387.96,100.0,True,
2026-03-04T02:00:40,35,RR1.00:1-2:449:1824,2026-03-04T01:11:40,4468.51,100.0,-79.5,67.5,-79.5,4389.01,4387.96,100.0,True,
2026-03-04T02:00:40,36,RR1.00:1-2:449:1824,2026-03-04T01:11:40,4468.51,100.0,-79.5,67.5,-79.5,4389.01,4387.96,100.0,True,
2026-03-04T02:00:40,37,RR1.00:1-2:449:1824,2026-03-04T01:11:40,4468.51,100.0,-79.5,67.5,-79.5,4389.01,4387.96,100.0,True,
2026-03-04T02:00:40,38,RR1.00:1-2:449:1824,2026-03-04T01:11:40,4468.51,100.0,-79.5,67.5,-79.5,4389.01,4387.96,100.0,True,
2026-03-04T02:00:40,39,RR1.00:1-2:449:1824,2026-03-04T01:11:40,4468.51,100.0,-79.5,67.5,-79.5,4389.01,4387.96,100.0,True,
2026-03-04T02:00:40,40,RR1.00:1-2:449:1824,2026-03-04T01:11:40,4468.51,100.0,-79.5,67.5,-79.5,4389.01,4387.96,100.0,True,
2026-03-04T02:00:40,41,RR1.00:1-2:449:1824,2026-03-04T01:11:40,4468.51,100.0,-79.5,67.5,-79.5,4389.01,4387.96,100.0,True,
2026-03-04T02:00:40,42,RR1.00:1-2:449:1824,2026-03-04T01:11:40,4468.51,100.0,-79.5,67.5,-79.5,4389.01,4387.96,100.0,True,
2026-03-04T02:00:40,43,RR1.00:1-2:449:1824,2026-03-04T01:11:40,4468.51,100.0,-79.5,67.5,-79.5,4389.01,4387.96,100.0,True,
2026-03-04T02:00:40,44,RR1.00:1-2:449:1824,2026-03-04T01:11:40,4468.51,100.0,-79.5,67.5,-79.5,4389.01,4387.96,100.0,True,
2026-03-04T02:00:40,48,RR1.00:1-2:449:1824,2026-03-04T01:11:40,4468.51,100.0,-79.5,67.5,-79.5,4389.01,4387.96,100.0,True,
2026-03-04T02:00:40,49,RR1.00:1-2:449:1824,2026-03-04T01:11:40,4468.51,100.0,-79.5,67.5,-79.5,4389.01,4387.96,100.0,True,
2026-03-04T02:00:40,55,RR1.00:1-2:449:1824,2026-03-04T01:11:40,4468.51,100.0,-79.5,67.5,-79.5,4389.01,4387.96,100.0,True,
2026-03-04T02:00:40,56,RR1.00:1-2:449:1824,2026-03-04T01:11:40,4468.51,100.0,-79.5,67.5,-79.5,4389.01,4387.96,100.0,True,
2026-03-04T02:37:40,4,RR1.00:2-3:556:2096,2026-03-04T02:14:40,4387.96,100.0,-88.0,123.0,-88.0,4299.96,4298.91,100.0,True,
2026-03-04T02:37:40,30,RR1.00:2-3:556:2096,2026-03-04T02:14:40,4387.96,100.0,-88.0,123.0,-88.0,4299.96,4298.91,100.0,True,
2026-03-04T02:37:40,31,RR1.00:2-3:556:2096,2026-03-04T02:14:40,4387.96,100.0,-88.0,123.0,-88.0,4299.96,4298.91,100.0,True,
2026-03-04T02:37:40,32,RR1.00:2-3:556:2096,2026-03-04T02:14:40,4387.96,100.0,-88.0,123.0,-88.0,4299.96,4298.91,100.0,True,
2026-03-04T02:37:40,33,RR1.00:2-3:556:2096,2026-03-04T02:14:40,4387.96,100.0,-88.0,123.0,-88.0,4299.96,4298.91,100.0,True,
2026-03-04T02:37:40,34,RR1.00:2-3:556:2096,2026-03-04T02:14:40,4387.96,100.0,-88.0,123.0,-88.0,4299.96,4298.91,100.0,True,
2026-03-04T02:37:40,35,RR1.00:2-3:556:2096,2026-03-04T02:14:40,4387.96,100.0,-88.0,123.0,-88.0,4299.96,4298.91,100.0,True,
2026-03-04T02:37:40,36,RR1.00:2-3:556:2096,2026-03-04T02:14:40,4387.96,100.0,-88.0,123.0,-88.0,4299.96,4298.91,100.0,True,
2026-03-04T02:37:40,37,RR1.00:2-3:556:2096,2026-03-04T02:14:40,4387.96,100.0,-88.0,123.0,-88.0,4299.96,4298.91,100.0,True,
2026-03-04T02:37:40,38,RR1.00:2-3:556:2096,2026-03-04T02:14:40,4387.96,100.0,-88.0,123.0,-88.0,4299.96,4298.91,100.0,True,
2026-03-04T02:37:40,39,RR1.00:2-3:556:2096,2026-03-04T02:14:40,4387.96,100.0,-88.0,123.0,-88.0,4299.96,4298.91,100.0,True,
2026-03-04T02:37:40,40,RR1.00:2-3:556:2096,2026-03-04T02:14:40,4387.96,100.0,-88.0,123.0,-88.0,4299.96,4298.91,100.0,True,
2026-03-04T02:37:40,41,RR1.00:2-3:556:2096,2026-03-04T02:14:40,4387.96,100.0,-88.0,123.0,-88.0,4299.96,4298.91,100.0,True,
2026-03-04T02:37:40,42,RR1.00:2-3:556:2096,2026-03-04T02:14:40,4387.96,100.0,-88.0,123.0,-88.0,4299.96,4298.91,100.0,True,
2026-03-04T02:37:40,43,RR1.00:2-3:556:2096,2026-03-04T02:14:40,4387.96,100.0,-88.0,123.0,-88.0,4299.96,4298.91,100.0,True,
2026-03-04T02:37:40,44,RR1.00:2-3:556:2096,2026-03-04T02:14:40,4387.96,100.0,-88.0,123.0,-88.0,4299.96,4298.91,100.0,True,
2026-03-04T02:37:40,48,RR1.00:2-3:556:2096,2026-03-04T02:14:40,4387.96,100.0,-88.0,123.0,-88.0,4299.96,4298.91,100.0,True,
2026-03-04T02:37:40,49,RR1.00:2-3:556:2096,2026-03-04T02:14:40,4387.96,100.0,-88.0,123.0,-88.0,4299.96,4298.91,100.0,True,
2026-03-04T02:37:40,55,RR1.00:2-3:556:2096,2026-03-04T02:14:40,4387.96,100.0,-88.0,123.0,-88.0,4299.96,4298.91,100.0,True,
2026-03-04T02:37:40,56,RR1.00:2-3:556:2096,2026-03-04T02:14:40,4387.96,100.0,-88.0,123.0,-88.0,4299.96,4298.91,100.0,True,
2026-03-04T03:20:40,4,RR1.00:3-4:551:2057,2026-03-04T03:02:40,4298.91,100.0,-163.5,3.5,-163.5,4135.41,4134.36,100.0,True,
2026-03-04T03:20:40,30,RR1.00:3-4:551:2057,2026-03-04T03:02:40,4298.91,100.0,-163.5,3.5,-163.5,4135.41,4134.36,100.0,True,
2026-03-04T03:20:40,31,RR1.00:3-4:551:2057,2026-03-04T03:02:40,4298.91,100.0,-163.5,3.5,-163.5,4135.41,4134.36,100.0,True,
2026-03-04T03:20:40,32,RR1.00:3-4:551:2057,2026-03-04T03:02:40,4298.91,100.0,-163.5,3.5,-163.5,4135.41,4134.36,100.0,True,
2026-03-04T03:20:40,33,RR1.00:3-4:551:2057,2026-03-04T03:02:40,4298.91,100.0,-163.5,3.5,-163.5,4135.41,4134.36,100.0,True,
2026-03-04T03:20:40,34,RR1.00:3-4:551:2057,2026-03-04T03:02:40,4298.91,100.0,-163.5,3.5,-163.5,4135.41,4134.36,100.0,True,
2026-03-04T03:20:40,35,RR1.00:3-4:551:2057,2026-03-04T03:02:40,4298.91,100.0,-163.5,3.5,-163.5,4135.41,4134.36,100.0,True,
2026-03-04T03:20:40,36,RR1.00:3-4:551:2057,2026-03-04T03:02:40,4298.91,100.0,-163.5,3.5,-163.5,4135.41,4134.36,100.0,True,
2026-03-04T03:20:40,37,RR1.00:3-4:551:2057,2026-03-04T03:02:40,4298.91,100.0,-163.5,3.5,-163.5,4135.41,4134.36,100.0,True,
2026-03-04T03:20:40,38,RR1.00:3-4:551:2057,2026-03-04T03:02:40,4298.91,100.0,-163.5,3.5,-163.5,4135.41,4134.36,100.0,True,
2026-03-04T03:20:40,39,RR1.00:3-4:551:2057,2026-03-04T03:02:40,4298.91,100.0,-163.5,3.5,-163.5,4135.41,4134.36,100.0,True,
2026-03-04T03:20:40,40,RR1.00:3-4:551:2057,2026-03-04T03:02:40,4298.91,100.0,-163.5,3.5,-163.5,4135.41,4134.36,100.0,True,
2026-03-04T03:20:40,41,RR1.00:3-4:551:2057,2026-03-04T03:02:40,4298.91,100.0,-163.5,3.5,-163.5,4135.41,4134.36,100.0,True,
2026-03-04T03:20:40,42,RR1.00:3-4:551:2057,2026-03-04T03:02:40,4298.91,100.0,-163.5,3.5,-163.5,4135.41,4134.36,100.0,True,
2026-03-04T03:20:40,43,RR1.00:3-4:551:2057,2026-03-04T03:02:40,4298.91,100.0,-163.5,3.5,-163.5,4135.41,4134.36,100.0,True,
2026-03-04T03:20:40,44,RR1.00:3-4:551:2057,2026-03-04T03:02:40,4298.91,100.0,-163.5,3.5,-163.5,4135.41,4134.36,100.0,True,
2026-03-04T03:20:40,48,RR1.00:3-4:551:2057,2026-03-04T03:02:40,4298.91,100.0,-163.5,3.5,-163.5,4135.41,4134.36,100.0,True,
2026-03-04T03:20:40,49,RR1.00:3-4:551:2057,2026-03-04T03:02:40,4298.91,100.0,-163.5,3.5,-163.5,4135.41,4134.36,100.0,True,
2026-03-04T03:20:40,55,RR1.00:3-4:551:2057,2026-03-04T03:02:40,4298.91,100.0,-163.5,3.5,-163.5,4135.41,4134.36,100.0,True,
2026-03-04T03:20:40,56,RR1.00:3-4:551:2057,2026-03-04T03:02:40,4298.91,100.0,-163.5,3.5,-163.5,4135.41,4134.36,100.0,True,
2026-03-04T07:04:40,4,RR1.00:7-8:593:2146,2026-03-04T07:00:40,4134.36,100.0,-83.0,11.0,-83.0,4051.36,4050.31,100.0,True,
2026-03-04T07:04:40,30,RR1.00:7-8:593:2146,2026-03-04T07:00:40,4134.36,100.0,-83.0,11.0,-83.0,4051.36,4050.31,100.0,True,
2026-03-04T07:04:40,31,RR1.00:7-8:593:2146,2026-03-04T07:00:40,4134.36,100.0,-83.0,11.0,-83.0,4051.36,4050.31,100.0,True,
2026-03-04T07:04:40,32,RR1.00:7-8:593:2146,2026-03-04T07:00:40,4134.36,100.0,-83.0,11.0,-83.0,4051.36,4050.31,100.0,True,
2026-03-04T07:04:40,33,RR1.00:7-8:593:2146,2026-03-04T07:00:40,4134.36,100.0,-83.0,11.0,-83.0,4051.36,4050.31,100.0,True,
2026-03-04T07:04:40,34,RR1.00:7-8:593:2146,2026-03-04T07:00:40,4134.36,100.0,-83.0,11.0,-83.0,4051.36,4050.31,100.0,True,
2026-03-04T07:04:40,35,RR1.00:7-8:593:2146,2026-03-04T07:00:40,4134.36,100.0,-83.0,11.0,-83.0,4051.36,4050.31,100.0,True,
2026-03-04T07:04:40,36,RR1.00:7-8:593:2146,2026-03-04T07:00:40,4134.36,100.0,-83.0,11.0,-83.0,4051.36,4050.31,100.0,True,
2026-03-04T07:04:40,37,RR1.00:7-8:593:2146,2026-03-04T07:00:40,4134.36,100.0,-83.0,11.0,-83.0,4051.36,4050.31,100.0,True,
2026-03-04T07:04:40,38,RR1.00:7-8:593:2146,2026-03-04T07:00:40,4134.36,100.0,-83.0,11.0,-83.0,4051.36,4050.31,100.0,True,
2026-03-04T07:04:40,39,RR1.00:7-8:593:2146,2026-03-04T07:00:40,4134.36,100.0,-83.0,11.0,-83.0,4051.36,4050.31,100.0,True,
2026-03-04T07:04:40,40,RR1.00:7-8:593:2146,2026-03-04T07:00:40,4134.36,100.0,-83.0,11.0,-83.0,4051.36,4050.31,100.0,True,
2026-03-04T07:04:40,41,RR1.00:7-8:593:2146,2026-03-04T07:00:40,4134.36,100.0,-83.0,11.0,-83.0,4051.36,4050.31,100.0,True,
2026-03-04T07:04:40,42,RR1.00:7-8:593:2146,2026-03-04T07:00:40,4134.36,100.0,-83.0,11.0,-83.0,4051.36,4050.31,100.0,True,
2026-03-04T07:04:40,43,RR1.00:7-8:593:2146,2026-03-04T07:00:40,4134.36,100.0,-83.0,11.0,-83.0,4051.36,4050.31,100.0,True,
2026-03-04T07:04:40,44,RR1.00:7-8:593:2146,2026-03-04T07:00:40,4134.36,100.0,-83.0,11.0,-83.0,4051.36,4050.31,100.0,True,
2026-03-04T07:04:40,48,RR1.00:7-8:593:2146,2026-03-04T07:00:40,4134.36,100.0,-83.0,11.0,-83.0,4051.36,4050.31,100.0,True,
2026-03-04T07:04:40,49,RR1.00:7-8:593:2146,2026-03-04T07:00:40,4134.36,100.0,-83.0,11.0,-83.0,4051.36,4050.31,100.0,True,
2026-03-04T07:04:40,55,RR1.00:7-8:593:2146,2026-03-04T07:00:40,4134.36,100.0,-83.0,11.0,-83.0,4051.36,4050.31,100.0,True,
2026-03-04T07:04:40,56,RR1.00:7-8:593:2146,2026-03-04T07:00:40,4134.36,100.0,-83.0,11.0,-83.0,4051.36,4050.31,100.0,True,
2026-03-04T08:10:40,4,RR1.00:7-8:594:2148,2026-03-04T07:42:40,4050.31,100.0,-161.0,9.5,-161.0,3889.31,3888.26,100.0,True,
2026-03-04T08:10:40,30,RR1.00:7-8:594:2148,2026-03-04T07:42:40,4050.31,100.0,-161.0,9.5,-161.0,3889.31,3888.26,100.0,True,
2026-03-04T08:10:40,31,RR1.00:7-8:594:2148,2026-03-04T07:42:40,4050.31,100.0,-161.0,9.5,-161.0,3889.31,3888.26,100.0,True,
2026-03-04T08:10:40,32,RR1.00:7-8:594:2148,2026-03-04T07:42:40,4050.31,100.0,-161.0,9.5,-161.0,3889.31,3888.26,100.0,True,
2026-03-04T08:10:40,33,RR1.00:7-8:594:2148,2026-03-04T07:42:40,4050.31,100.0,-161.0,9.5,-161.0,3889.31,3888.26,100.0,True,
2026-03-04T08:10:40,34,RR1.00:7-8:594:2148,2026-03-04T07:42:40,4050.31,100.0,-161.0,9.5,-161.0,3889.31,3888.26,100.0,True,
2026-03-04T08:10:40,35,RR1.00:7-8:594:2148,2026-03-04T07:42:40,4050.31,100.0,-161.0,9.5,-161.0,3889.31,3888.26,100.0,True,
2026-03-04T08:10:40,36,RR1.00:7-8:594:2148,2026-03-04T07:42:40,4050.31,100.0,-161.0,9.5,-161.0,3889.31,3888.26,100.0,True,
2026-03-04T08:10:40,37,RR1.00:7-8:594:2148,2026-03-04T07:42:40,4050.31,100.0,-161.0,9.5,-161.0,3889.31,3888.26,100.0,True,
2026-03-04T08:10:40,38,RR1.00:7-8:594:2148,2026-03-04T07:42:40,4050.31,100.0,-161.0,9.5,-161.0,3889.31,3888.26,100.0,True,
2026-03-04T08:10:40,39,RR1.00:7-8:594:2148,2026-03-04T07:42:40,4050.31,100.0,-161.0,9.5,-161.0,3889.31,3888.26,100.0,True,
2026-03-04T08:10:40,40,RR1.00:7-8:594:2148,2026-03-04T07:42:40,4050.31,100.0,-161.0,9.5,-161.0,3889.31,3888.26,100.0,True,
2026-03-04T08:10:40,41,RR1.00:7-8:594:2148,2026-03-04T07:42:40,4050.31,100.0,-161.0,9.5,-161.0,3889.31,3888.26,100.0,True,
2026-03-04T08:10:40,42,RR1.00:7-8:594:2148,2026-03-04T07:42:40,4050.31,100.0,-161.0,9.5,-161.0,3889.31,3888.26,100.0,True,
2026-03-04T08:10:40,43,RR1.00:7-8:594:2148,2026-03-04T07:42:40,4050.31,100.0,-161.0,9.5,-161.0,3889.31,3888.26,100.0,True,
2026-03-04T08:10:40,44,RR1.00:7-8:594:2148,2026-03-04T07:42:40,4050.31,100.0,-161.0,9.5,-161.0,3889.31,3888.26,100.0,True,
2026-03-04T08:10:40,48,RR1.00:7-8:594:2148,2026-03-04T07:42:40,4050.31,100.0,-161.0,9.5,-161.0,3889.31,3888.26,100.0,True,
2026-03-04T08:10:40,49,RR1.00:7-8:594:2148,2026-03-04T07:42:40,4050.31,100.0,-161.0,9.5,-161.0,3889.31,3888.26,100.0,True,
2026-03-04T08:10:40,55,RR1.00:7-8:594:2148,2026-03-04T07:42:40,4050.31,100.0,-161.0,9.5,-161.0,3889.31,3888.26,100.0,True,
2026-03-04T08:10:40,56,RR1.00:7-8:594:2148,2026-03-04T07:42:40,4050.31,100.0,-161.0,9.5,-161.0,3889.31,3888.26,100.0,True,
2026-03-04T10:00:00,4,RR1.00:8-9:596:2121,2026-03-04T08:33:40,3888.26,100.0,-76.0,208.5,167.0,3812.26,4054.21,100.0,True,
2026-03-04T10:00:00,30,RR1.00:8-9:596:2121,2026-03-04T08:33:40,3888.26,100.0,-76.0,208.5,167.0,3812.26,4054.21,100.0,True,
2026-03-04T10:00:00,31,RR1.00:8-9:596:2121,2026-03-04T08:33:40,3888.26,100.0,-76.0,208.5,167.0,3812.26,4054.21,100.0,True,
2026-03-04T10:00:00,32,RR1.00:8-9:596:2121,2026-03-04T08:33:40,3888.26,100.0,-76.0,208.5,167.0,3812.26,4054.21,100.0,True,
2026-03-04T10:00:00,33,RR1.00:8-9:596:2121,2026-03-04T08:33:40,3888.26,100.0,-76.0,208.5,167.0,3812.26,4054.21,100.0,True,
2026-03-04T10:00:00,34,RR1.00:8-9:596:2121,2026-03-04T08:33:40,3888.26,100.0,-76.0,208.5,167.0,3812.26,4054.21,100.0,True,
2026-03-04T10:00:00,35,RR1.00:8-9:596:2121,2026-03-04T08:33:40,3888.26,100.0,-76.0,208.5,167.0,3812.26,4054.21,100.0,True,
2026-03-04T10:00:00,36,RR1.00:8-9:596:2121,2026-03-04T08:33:40,3888.26,100.0,-76.0,208.5,167.0,3812.26,4054.21,100.0,True,
2026-03-04T10:00:00,37,RR1.00:8-9:596:2121,2026-03-04T08:33:40,3888.26,100.0,-76.0,208.5,167.0,3812.26,4054.21,100.0,True,
2026-03-04T10:00:00,38,RR1.00:8-9:596:2121,2026-03-04T08:33:40,3888.26,100.0,-76.0,208.5,167.0,3812.26,4054.21,100.0,True,
2026-03-04T10:00:00,39,RR1.00:8-9:596:2121,2026-03-04T08:33:40,3888.26,100.0,-76.0,208.5,167.0,3812.26,4054.21,100.0,True,
2026-03-04T10:00:00,40,RR1.00:8-9:596:2121,2026-03-04T08:33:40,3888.26,100.0,-76.0,208.5,167.0,3812.26,4054.21,100.0,True,
2026-03-04T10:00:00,41,RR1.00:8-9:596:2121,2026-03-04T08:33:40,3888.26,100.0,-76.0,208.5,167.0,3812.26,4054.21,100.0,True,
2026-03-04T10:00:00,42,RR1.00:8-9:596:2121,2026-03-04T08:33:40,3888.26,100.0,-76.0,208.5,167.0,3812.26,4054.21,100.0,True,
2026-03-04T10:00:00,43,RR1.00:8-9:596:2121,2026-03-04T08:33:40,3888.26,100.0,-76.0,208.5,167.0,3812.26,4054.21,100.0,True,
2026-03-04T10:00:00,44,RR1.00:8-9:596:2121,2026-03-04T08:33:40,3888.26,100.0,-76.0,208.5,167.0,3812.26,4054.21,100.0,True,
2026-03-04T10:00:00,48,RR1.00:8-9:596:2121,2026-03-04T08:33:40,3888.26,100.0,-76.0,208.5,167.0,3812.26,4054.21,100.0,True,
2026-03-04T10:00:00,49,RR1.00:8-9:596:2121,2026-03-04T08:33:40,3888.26,100.0,-76.0,208.5,167.0,3812.26,4054.21,100.0,True,
2026-03-04T10:00:00,55,RR1.00:8-9:596:2121,2026-03-04T08:33:40,3888.26,100.0,-76.0,208.5,167.0,3812.26,4054.21,100.0,True,
2026-03-04T10:00:00,56,RR1.00:8-9:596:2121,2026-03-04T08:33:40,3888.26,100.0,-76.0,208.5,167.0,3812.26,4054.21,100.0,True,
2026-03-04T16:41:40,4,RR1.00:16-17:842:2405,2026-03-04T16:30:40,4054.21,100.0,-130.0,117.5,-130.0,3924.21,3923.16,100.0,True,
2026-03-04T16:41:40,30,RR1.00:16-17:842:2405,2026-03-04T16:30:40,4054.21,100.0,-130.0,117.5,-130.0,3924.21,3923.16,100.0,True,
2026-03-04T16:41:40,31,RR1.00:16-17:842:2405,2026-03-04T16:30:40,4054.21,100.0,-130.0,117.5,-130.0,3924.21,3923.16,100.0,True,
2026-03-04T16:41:40,32,RR1.00:16-17:842:2405,2026-03-04T16:30:40,4054.21,100.0,-130.0,117.5,-130.0,3924.21,3923.16,100.0,True,
2026-03-04T16:41:40,33,RR1.00:16-17:842:2405,2026-03-04T16:30:40,4054.21,100.0,-130.0,117.5,-130.0,3924.21,3923.16,100.0,True,
2026-03-04T16:41:40,34,RR1.00:16-17:842:2405,2026-03-04T16:30:40,4054.21,100.0,-130.0,117.5,-130.0,3924.21,3923.16,100.0,True,
2026-03-04T16:41:40,35,RR1.00:16-17:842:2405,2026-03-04T16:30:40,4054.21,100.0,-130.0,117.5,-130.0,3924.21,3923.16,100.0,True,
2026-03-04T16:41:40,36,RR1.00:16-17:842:2405,2026-03-04T16:30:40,4054.21,100.0,-130.0,117.5,-130.0,3924.21,3923.16,100.0,True,
2026-03-04T16:41:40,37,RR1.00:16-17:842:2405,2026-03-04T16:30:40,4054.21,100.0,-130.0,117.5,-130.0,3924.21,3923.16,100.0,True,
2026-03-04T16:41:40,38,RR1.00:16-17:842:2405,2026-03-04T16:30:40,4054.21,100.0,-130.0,117.5,-130.0,3924.21,3923.16,100.0,True,
2026-03-04T16:41:40,39,RR1.00:16-17:842:2405,2026-03-04T16:30:40,4054.21,100.0,-130.0,117.5,-130.0,3924.21,3923.16,100.0,True,
2026-03-04T16:41:40,40,RR1.00:16-17:842:2405,2026-03-04T16:30:40,4054.21,100.0,-130.0,117.5,-130.0,3924.21,3923.16,100.0,True,
2026-03-04T16:41:40,41,RR1.00:16-17:842:2405,2026-03-04T16:30:40,4054.21,100.0,-130.0,117.5,-130.0,3924.21,3923.16,100.0,True,
2026-03-04T16:41:40,42,RR1.00:16-17:842:2405,2026-03-04T16:30:40,4054.21,100.0,-130.0,117.5,-130.0,3924.21,3923.16,100.0,True,
2026-03-04T16:41:40,43,RR1.00:16-17:842:2405,2026-03-04T16:30:40,4054.21,100.0,-130.0,117.5,-130.0,3924.21,3923.16,100.0,True,
2026-03-04T16:41:40,44,RR1.00:16-17:842:2405,2026-03-04T16:30:40,4054.21,100.0,-130.0,117.5,-130.0,3924.21,3923.16,100.0,True,
2026-03-04T16:41:40,48,RR1.00:16-17:842:2405,2026-03-04T16:30:40,4054.21,100.0,-130.0,117.5,-130.0,3924.21,3923.16,100.0,True,
2026-03-04T16:41:40,49,RR1.00:16-17:842:2405,2026-03-04T16:30:40,4054.21,100.0,-130.0,117.5,-130.0,3924.21,3923.16,100.0,True,
2026-03-04T16:41:40,55,RR1.00:16-17:842:2405,2026-03-04T16:30:40,4054.21,100.0,-130.0,117.5,-130.0,3924.21,3923.16,100.0,True,
2026-03-04T16:41:40,56,RR1.00:16-17:842:2405,2026-03-04T16:30:40,4054.21,100.0,-130.0,117.5,-130.0,3924.21,3923.16,100.0,True,
2026-03-04T22:21:40,4,RR1.00:19-20:478:1947,2026-03-04T19:53:40,3923.16,100.0,-86.5,87.0,-86.5,3836.66,3835.61,100.0,True,
2026-03-04T22:21:40,30,RR1.00:19-20:478:1947,2026-03-04T19:53:40,3923.16,100.0,-86.5,87.0,-86.5,3836.66,3835.61,100.0,True,
2026-03-04T22:21:40,31,RR1.00:19-20:478:1947,2026-03-04T19:53:40,3923.16,100.0,-86.5,87.0,-86.5,3836.66,3835.61,100.0,True,
2026-03-04T22:21:40,32,RR1.00:19-20:478:1947,2026-03-04T19:53:40,3923.16,100.0,-86.5,87.0,-86.5,3836.66,3835.61,100.0,True,
2026-03-04T22:21:40,33,RR1.00:19-20:478:1947,2026-03-04T19:53:40,3923.16,100.0,-86.5,87.0,-86.5,3836.66,3835.61,100.0,True,
2026-03-04T22:21:40,34,RR1.00:19-20:478:1947,2026-03-04T19:53:40,3923.16,100.0,-86.5,87.0,-86.5,3836.66,3835.61,100.0,True,
2026-03-04T22:21:40,35,RR1.00:19-20:478:1947,2026-03-04T19:53:40,3923.16,100.0,-86.5,87.0,-86.5,3836.66,3835.61,100.0,True,
2026-03-04T22:21:40,36,RR1.00:19-20:478:1947,2026-03-04T19:53:40,3923.16,100.0,-86.5,87.0,-86.5,3836.66,3835.61,100.0,True,
2026-03-04T22:21:40,37,RR1.00:19-20:478:1947,2026-03-04T19:53:40,3923.16,100.0,-86.5,87.0,-86.5,3836.66,3835.61,100.0,True,
2026-03-04T22:21:40,38,RR1.00:19-20:478:1947,2026-03-04T19:53:40,3923.16,100.0,-86.5,87.0,-86.5,3836.66,3835.61,100.0,True,
2026-03-04T22:21:40,39,RR1.00:19-20:478:1947,2026-03-04T19:53:40,3923.16,100.0,-86.5,87.0,-86.5,3836.66,3835.61,100.0,True,
2026-03-04T22:21:40,40,RR1.00:19-20:478:1947,2026-03-04T19:53:40,3923.16,100.0,-86.5,87.0,-86.5,3836.66,3835.61,100.0,True,
2026-03-04T22:21:40,41,RR1.00:19-20:478:1947,2026-03-04T19:53:40,3923.16,100.0,-86.5,87.0,-86.5,3836.66,3835.61,100.0,True,
2026-03-04T22:21:40,42,RR1.00:19-20:478:1947,2026-03-04T19:53:40,3923.16,100.0,-86.5,87.0,-86.5,3836.66,3835.61,100.0,True,
2026-03-04T22:21:40,43,RR1.00:19-20:478:1947,2026-03-04T19:53:40,3923.16,100.0,-86.5,87.0,-86.5,3836.66,3835.61,100.0,True,
2026-03-04T22:21:40,44,RR1.00:19-20:478:1947,2026-03-04T19:53:40,3923.16,100.0,-86.5,87.0,-86.5,3836.66,3835.61,100.0,True,
2026-03-04T22:21:40,48,RR1.00:19-20:478:1947,2026-03-04T19:53:40,3923.16,100.0,-86.5,87.0,-86.5,3836.66,3835.61,100.0,True,
2026-03-04T22:21:40,49,RR1.00:19-20:478:1947,2026-03-04T19:53:40,3923.16,100.0,-86.5,87.0,-86.5,3836.66,3835.61,100.0,True,
2026-03-04T22:21:40,55,RR1.00:19-20:478:1947,2026-03-04T19:53:40,3923.16,100.0,-86.5,87.0,-86.5,3836.66,3835.61,100.0,True,
2026-03-04T22:21:40,56,RR1.00:19-20:478:1947,2026-03-04T19:53:40,3923.16,100.0,-86.5,87.0,-86.5,3836.66,3835.61,100.0,True,
2026-03-04T23:30:00,4,RR1.00:18-19:460:1961,2026-03-04T18:02:40,3835.61,100.0,-195.0,138.5,-18.0,3640.61,3816.56,100.0,True,
2026-03-04T23:30:00,30,RR1.00:18-19:460:1961,2026-03-04T18:02:40,3835.61,100.0,-195.0,138.5,-18.0,3640.61,3816.56,100.0,True,
2026-03-04T23:30:00,31,RR1.00:18-19:460:1961,2026-03-04T18:02:40,3835.61,100.0,-195.0,138.5,-18.0,3640.61,3816.56,100.0,True,
2026-03-04T23:30:00,32,RR1.00:18-19:460:1961,2026-03-04T18:02:40,3835.61,100.0,-195.0,138.5,-18.0,3640.61,3816.56,100.0,True,
2026-03-04T23:30:00,33,RR1.00:18-19:460:1961,2026-03-04T18:02:40,3835.61,100.0,-195.0,138.5,-18.0,3640.61,3816.56,100.0,True,
2026-03-04T23:30:00,34,RR1.00:18-19:460:1961,2026-03-04T18:02:40,3835.61,100.0,-195.0,138.5,-18.0,3640.61,3816.56,100.0,True,
2026-03-04T23:30:00,35,RR1.00:18-19:460:1961,2026-03-04T18:02:40,3835.61,100.0,-195.0,138.5,-18.0,3640.61,3816.56,100.0,True,
2026-03-04T23:30:00,36,RR1.00:18-19:460:1961,2026-03-04T18:02:40,3835.61,100.0,-195.0,138.5,-18.0,3640.61,3816.56,100.0,True,
2026-03-04T23:30:00,37,RR1.00:18-19:460:1961,2026-03-04T18:02:40,3835.61,100.0,-195.0,138.5,-18.0,3640.61,3816.56,100.0,True,
2026-03-04T23:30:00,38,RR1.00:18-19:460:1961,2026-03-04T18:02:40,3835.61,100.0,-195.0,138.5,-18.0,3640.61,3816.56,100.0,True,
2026-03-04T23:30:00,39,RR1.00:18-19:460:1961,2026-03-04T18:02:40,3835.61,100.0,-195.0,138.5,-18.0,3640.61,3816.56,100.0,True,
2026-03-04T23:30:00,40,RR1.00:18-19:460:1961,2026-03-04T18:02:40,3835.61,100.0,-195.0,138.5,-18.0,3640.61,3816.56,100.0,True,
2026-03-04T23:30:00,41,RR1.00:18-19:460:1961,2026-03-04T18:02:40,3835.61,100.0,-195.0,138.5,-18.0,3640.61,3816.56,100.0,True,
2026-03-04T23:30:00,42,RR1.00:18-19:460:1961,2026-03-04T18:02:40,3835.61,100.0,-195.0,138.5,-18.0,3640.61,3816.56,100.0,True,
2026-03-04T23:30:00,43,RR1.00:18-19:460:1961,2026-03-04T18:02:40,3835.61,100.0,-195.0,138.5,-18.0,3640.61,3816.56,100.0,True,
2026-03-04T23:30:00,44,RR1.00:18-19:460:1961,2026-03-04T18:02:40,3835.61,100.0,-195.0,138.5,-18.0,3640.61,3816.56,100.0,True,
2026-03-04T23:30:00,48,RR1.00:18-19:460:1961,2026-03-04T18:02:40,3835.61,100.0,-195.0,138.5,-18.0,3640.61,3816.56,100.0,True,
2026-03-04T23:30:00,49,RR1.00:18-19:460:1961,2026-03-04T18:02:40,3835.61,100.0,-195.0,138.5,-18.0,3640.61,3816.56,100.0,True,
2026-03-04T23:30:00,55,RR1.00:18-19:460:1961,2026-03-04T18:02:40,3835.61,100.0,-195.0,138.5,-18.0,3640.61,3816.56,100.0,True,
2026-03-04T23:30:00,56,RR1.00:18-19:460:1961,2026-03-04T18:02:40,3835.61,100.0,-195.0,138.5,-18.0,3640.61,3816.56,100.0,True,
2026-03-05T03:21:40,4,RR1.00:1-2:450:1826,2026-03-05T01:44:40,3816.56,100.0,-74.5,145.5,-74.5,3742.06,3741.01,100.0,True,
2026-03-05T03:21:40,30,RR1.00:1-2:450:1826,2026-03-05T01:44:40,3816.56,100.0,-74.5,145.5,-74.5,3742.06,3741.01,100.0,True,
2026-03-05T03:21:40,31,RR1.00:1-2:450:1826,2026-03-05T01:44:40,3816.56,100.0,-74.5,145.5,-74.5,3742.06,3741.01,100.0,True,
2026-03-05T03:21:40,32,RR1.00:1-2:450:1826,2026-03-05T01:44:40,3816.56,100.0,-74.5,145.5,-74.5,3742.06,3741.01,100.0,True,
2026-03-05T03:21:40,33,RR1.00:1-2:450:1826,2026-03-05T01:44:40,3816.56,100.0,-74.5,145.5,-74.5,3742.06,3741.01,100.0,True,
2026-03-05T03:21:40,34,RR1.00:1-2:450:1826,2026-03-05T01:44:40,3816.56,100.0,-74.5,145.5,-74.5,3742.06,3741.01,100.0,True,
2026-03-05T03:21:40,35,RR1.00:1-2:450:1826,2026-03-05T01:44:40,3816.56,100.0,-74.5,145.5,-74.5,3742.06,3741.01,100.0,True,
2026-03-05T03:21:40,36,RR1.00:1-2:450:1826,2026-03-05T01:44:40,3816.56,100.0,-74.5,145.5,-74.5,3742.06,3741.01,100.0,True,
2026-03-05T03:21:40,37,RR1.00:1-2:450:1826,2026-03-05T01:44:40,3816.56,100.0,-74.5,145.5,-74.5,3742.06,3741.01,100.0,True,
2026-03-05T03:21:40,38,RR1.00:1-2:450:1826,2026-03-05T01:44:40,3816.56,100.0,-74.5,145.5,-74.5,3742.06,3741.01,100.0,True,
2026-03-05T03:21:40,39,RR1.00:1-2:450:1826,2026-03-05T01:44:40,3816.56,100.0,-74.5,145.5,-74.5,3742.06,3741.01,100.0,True,
2026-03-05T03:21:40,40,RR1.00:1-2:450:1826,2026-03-05T01:44:40,3816.56,100.0,-74.5,145.5,-74.5,3742.06,3741.01,100.0,True,
2026-03-05T03:21:40,41,RR1.00:1-2:450:1826,2026-03-05T01:44:40,3816.56,100.0,-74.5,145.5,-74.5,3742.06,3741.01,100.0,True,
2026-03-05T03:21:40,42,RR1.00:1-2:450:1826,2026-03-05T01:44:40,3816.56,100.0,-74.5,145.5,-74.5,3742.06,3741.01,100.0,True,
2026-03-05T03:21:40,43,RR1.00:1-2:450:1826,2026-03-05T01:44:40,3816.56,100.0,-74.5,145.5,-74.5,3742.06,3741.01,100.0,True,
2026-03-05T03:21:40,44,RR1.00:1-2:450:1826,2026-03-05T01:44:40,3816.56,100.0,-74.5,145.5,-74.5,3742.06,3741.01,100.0,True,
2026-03-05T03:21:40,48,RR1.00:1-2:450:1826,2026-03-05T01:44:40,3816.56,100.0,-74.5,145.5,-74.5,3742.06,3741.01,100.0,True,
2026-03-05T03:21:40,49,RR1.00:1-2:450:1826,2026-03-05T01:44:40,3816.56,100.0,-74.5,145.5,-74.5,3742.06,3741.01,100.0,True,
2026-03-05T03:21:40,55,RR1.00:1-2:450:1826,2026-03-05T01:44:40,3816.56,100.0,-74.5,145.5,-74.5,3742.06,3741.01,100.0,True,
2026-03-05T03:21:40,56,RR1.00:1-2:450:1826,2026-03-05T01:44:40,3816.56,100.0,-74.5,145.5,-74.5,3742.06,3741.01,100.0,True,
2026-03-05T05:22:40,4,RR1.00:4-5:527:2050,2026-03-05T04:46:40,3741.01,100.0,-77.0,61.0,-77.0,3664.01,3662.96,100.0,True,
2026-03-05T05:22:40,30,RR1.00:4-5:527:2050,2026-03-05T04:46:40,3741.01,100.0,-77.0,61.0,-77.0,3664.01,3662.96,100.0,True,
2026-03-05T05:22:40,31,RR1.00:4-5:527:2050,2026-03-05T04:46:40,3741.01,100.0,-77.0,61.0,-77.0,3664.01,3662.96,100.0,True,
2026-03-05T05:22:40,32,RR1.00:4-5:527:2050,2026-03-05T04:46:40,3741.01,100.0,-77.0,61.0,-77.0,3664.01,3662.96,100.0,True,
2026-03-05T05:22:40,33,RR1.00:4-5:527:2050,2026-03-05T04:46:40,3741.01,100.0,-77.0,61.0,-77.0,3664.01,3662.96,100.0,True,
2026-03-05T05:22:40,34,RR1.00:4-5:527:2050,2026-03-05T04:46:40,3741.01,100.0,-77.0,61.0,-77.0,3664.01,3662.96,100.0,True,
2026-03-05T05:22:40,35,RR1.00:4-5:527:2050,2026-03-05T04:46:40,3741.01,100.0,-77.0,61.0,-77.0,3664.01,3662.96,100.0,True,
2026-03-05T05:22:40,36,RR1.00:4-5:527:2050,2026-03-05T04:46:40,3741.01,100.0,-77.0,61.0,-77.0,3664.01,3662.96,100.0,True,
2026-03-05T05:22:40,37,RR1.00:4-5:527:2050,2026-03-05T04:46:40,3741.01,100.0,-77.0,61.0,-77.0,3664.01,3662.96,100.0,True,
2026-03-05T05:22:40,38,RR1.00:4-5:527:2050,2026-03-05T04:46:40,3741.01,100.0,-77.0,61.0,-77.0,3664.01,3662.96,100.0,True,
2026-03-05T05:22:40,39,RR1.00:4-5:527:2050,2026-03-05T04:46:40,3741.01,100.0,-77.0,61.0,-77.0,3664.01,3662.96,100.0,True,
2026-03-05T05:22:40,40,RR1.00:4-5:527:2050,2026-03-05T04:46:40,3741.01,100.0,-77.0,61.0,-77.0,3664.01,3662.96,100.0,True,
2026-03-05T05:22:40,41,RR1.00:4-5:527:2050,2026-03-05T04:46:40,3741.01,100.0,-77.0,61.0,-77.0,3664.01,3662.96,100.0,True,
2026-03-05T05:22:40,42,RR1.00:4-5:527:2050,2026-03-05T04:46:40,3741.01,100.0,-77.0,61.0,-77.0,3664.01,3662.96,100.0,True,
2026-03-05T05:22:40,43,RR1.00:4-5:527:2050,2026-03-05T04:46:40,3741.01,100.0,-77.0,61.0,-77.0,3664.01,3662.96,100.0,True,
2026-03-05T05:22:40,44,RR1.00:4-5:527:2050,2026-03-05T04:46:40,3741.01,100.0,-77.0,61.0,-77.0,3664.01,3662.96,100.0,True,
2026-03-05T05:22:40,48,RR1.00:4-5:527:2050,2026-03-05T04:46:40,3741.01,100.0,-77.0,61.0,-77.0,3664.01,3662.96,100.0,True,
2026-03-05T05:22:40,49,RR1.00:4-5:527:2050,2026-03-05T04:46:40,3741.01,100.0,-77.0,61.0,-77.0,3664.01,3662.96,100.0,True,
2026-03-05T05:22:40,55,RR1.00:4-5:527:2050,2026-03-05T04:46:40,3741.01,100.0,-77.0,61.0,-77.0,3664.01,3662.96,100.0,True,
2026-03-05T05:22:40,56,RR1.00:4-5:527:2050,2026-03-05T04:46:40,3741.01,100.0,-77.0,61.0,-77.0,3664.01,3662.96,100.0,True,
2026-03-05T08:00:40,4,RR1.00:6-7:531:2037,2026-03-05T06:08:40,3662.96,100.0,-91.0,72.0,-91.0,3571.96,3570.91,100.0,True,
2026-03-05T08:00:40,30,RR1.00:6-7:531:2037,2026-03-05T06:08:40,3662.96,100.0,-91.0,72.0,-91.0,3571.96,3570.91,100.0,True,
2026-03-05T08:00:40,31,RR1.00:6-7:531:2037,2026-03-05T06:08:40,3662.96,100.0,-91.0,72.0,-91.0,3571.96,3570.91,100.0,True,
2026-03-05T08:00:40,32,RR1.00:6-7:531:2037,2026-03-05T06:08:40,3662.96,100.0,-91.0,72.0,-91.0,3571.96,3570.91,100.0,True,
2026-03-05T08:00:40,33,RR1.00:6-7:531:2037,2026-03-05T06:08:40,3662.96,100.0,-91.0,72.0,-91.0,3571.96,3570.91,100.0,True,
2026-03-05T08:00:40,34,RR1.00:6-7:531:2037,2026-03-05T06:08:40,3662.96,100.0,-91.0,72.0,-91.0,3571.96,3570.91,100.0,True,
2026-03-05T08:00:40,35,RR1.00:6-7:531:2037,2026-03-05T06:08:40,3662.96,100.0,-91.0,72.0,-91.0,3571.96,3570.91,100.0,True,
2026-03-05T08:00:40,36,RR1.00:6-7:531:2037,2026-03-05T06:08:40,3662.96,100.0,-91.0,72.0,-91.0,3571.96,3570.91,100.0,True,
2026-03-05T08:00:40,37,RR1.00:6-7:531:2037,2026-03-05T06:08:40,3662.96,100.0,-91.0,72.0,-91.0,3571.96,3570.91,100.0,True,
2026-03-05T08:00:40,38,RR1.00:6-7:531:2037,2026-03-05T06:08:40,3662.96,100.0,-91.0,72.0,-91.0,3571.96,3570.91,100.0,True,
2026-03-05T08:00:40,39,RR1.00:6-7:531:2037,2026-03-05T06:08:40,3662.96,100.0,-91.0,72.0,-91.0,3571.96,3570.91,100.0,True,
2026-03-05T08:00:40,40,RR1.00:6-7:531:2037,2026-03-05T06:08:40,3662.96,100.0,-91.0,72.0,-91.0,3571.96,3570.91,100.0,True,
2026-03-05T08:00:40,41,RR1.00:6-7:531:2037,2026-03-05T06:08:40,3662.96,100.0,-91.0,72.0,-91.0,3571.96,3570.91,100.0,True,
2026-03-05T08:00:40,42,RR1.00:6-7:531:2037,2026-03-05T06:08:40,3662.96,100.0,-91.0,72.0,-91.0,3571.96,3570.91,100.0,True,
2026-03-05T08:00:40,43,RR1.00:6-7:531:2037,2026-03-05T06:08:40,3662.96,100.0,-91.0,72.0,-91.0,3571.96,3570.91,100.0,True,
2026-03-05T08:00:40,44,RR1.00:6-7:531:2037,2026-03-05T06:08:40,3662.96,100.0,-91.0,72.0,-91.0,3571.96,3570.91,100.0,True,
2026-03-05T08:00:40,48,RR1.00:6-7:531:2037,2026-03-05T06:08:40,3662.96,100.0,-91.0,72.0,-91.0,3571.96,3570.91,100.0,True,
2026-03-05T08:00:40,49,RR1.00:6-7:531:2037,2026-03-05T06:08:40,3662.96,100.0,-91.0,72.0,-91.0,3571.96,3570.91,100.0,True,
2026-03-05T08:00:40,55,RR1.00:6-7:531:2037,2026-03-05T06:08:40,3662.96,100.0,-91.0,72.0,-91.0,3571.96,3570.91,100.0,True,
2026-03-05T08:00:40,56,RR1.00:6-7:531:2037,2026-03-05T06:08:40,3662.96,100.0,-91.0,72.0,-91.0,3571.96,3570.91,100.0,True,
2026-03-05T10:30:40,4,RR1.00:8-9:597:2124,2026-03-05T08:50:40,3570.91,100.0,-120.0,114.0,-120.0,3450.91,3449.86,100.0,True,
2026-03-05T10:30:40,30,RR1.00:8-9:597:2124,2026-03-05T08:50:40,3570.91,100.0,-120.0,114.0,-120.0,3450.91,3449.86,100.0,True,
2026-03-05T10:30:40,31,RR1.00:8-9:597:2124,2026-03-05T08:50:40,3570.91,100.0,-120.0,114.0,-120.0,3450.91,3449.86,100.0,True,
2026-03-05T10:30:40,32,RR1.00:8-9:597:2124,2026-03-05T08:50:40,3570.91,100.0,-120.0,114.0,-120.0,3450.91,3449.86,100.0,True,
2026-03-05T10:30:40,33,RR1.00:8-9:597:2124,2026-03-05T08:50:40,3570.91,100.0,-120.0,114.0,-120.0,3450.91,3449.86,100.0,True,
2026-03-05T10:30:40,34,RR1.00:8-9:597:2124,2026-03-05T08:50:40,3570.91,100.0,-120.0,114.0,-120.0,3450.91,3449.86,100.0,True,
2026-03-05T10:30:40,35,RR1.00:8-9:597:2124,2026-03-05T08:50:40,3570.91,100.0,-120.0,114.0,-120.0,3450.91,3449.86,100.0,True,
2026-03-05T10:30:40,36,RR1.00:8-9:597:2124,2026-03-05T08:50:40,3570.91,100.0,-120.0,114.0,-120.0,3450.91,3449.86,100.0,True,
2026-03-05T10:30:40,37,RR1.00:8-9:597:2124,2026-03-05T08:50:40,3570.91,100.0,-120.0,114.0,-120.0,3450.91,3449.86,100.0,True,
2026-03-05T10:30:40,38,RR1.00:8-9:597:2124,2026-03-05T08:50:40,3570.91,100.0,-120.0,114.0,-120.0,3450.91,3449.86,100.0,True,
2026-03-05T10:30:40,39,RR1.00:8-9:597:2124,2026-03-05T08:50:40,3570.91,100.0,-120.0,114.0,-120.0,3450.91,3449.86,100.0,True,
2026-03-05T10:30:40,40,RR1.00:8-9:597:2124,2026-03-05T08:50:40,3570.91,100.0,-120.0,114.0,-120.0,3450.91,3449.86,100.0,True,
2026-03-05T10:30:40,41,RR1.00:8-9:597:2124,2026-03-05T08:50:40,3570.91,100.0,-120.0,114.0,-120.0,3450.91,3449.86,100.0,True,
2026-03-05T10:30:40,42,RR1.00:8-9:597:2124,2026-03-05T08:50:40,3570.91,100.0,-120.0,114.0,-120.0,3450.91,3449.86,100.0,True,
2026-03-05T10:30:40,43,RR1.00:8-9:597:2124,2026-03-05T08:50:40,3570.91,100.0,-120.0,114.0,-120.0,3450.91,3449.86,100.0,True,
2026-03-05T10:30:40,44,RR1.00:8-9:597:2124,2026-03-05T08:50:40,3570.91,100.0,-120.0,114.0,-120.0,3450.91,3449.86,100.0,True,
2026-03-05T10:30:40,48,RR1.00:8-9:597:2124,2026-03-05T08:50:40,3570.91,100.0,-120.0,114.0,-120.0,3450.91,3449.86,100.0,True,
2026-03-05T10:30:40,49,RR1.00:8-9:597:2124,2026-03-05T08:50:40,3570.91,100.0,-120.0,114.0,-120.0,3450.91,3449.86,100.0,True,
2026-03-05T10:30:40,55,RR1.00:8-9:597:2124,2026-03-05T08:50:40,3570.91,100.0,-120.0,114.0,-120.0,3450.91,3449.86,100.0,True,
2026-03-05T10:30:40,56,RR1.00:8-9:597:2124,2026-03-05T08:50:40,3570.91,100.0,-120.0,114.0,-120.0,3450.91,3449.86,100.0,True,
2026-03-05T13:58:40,4,RR1.00:13-14:568:2098,2026-03-05T13:17:20,3449.86,100.0,-101.0,22.0,-101.0,3348.86,3347.81,100.0,True,
2026-03-05T13:58:40,30,RR1.00:13-14:568:2098,2026-03-05T13:17:20,3449.86,100.0,-101.0,22.0,-101.0,3348.86,3347.81,100.0,True,
2026-03-05T13:58:40,31,RR1.00:13-14:568:2098,2026-03-05T13:17:20,3449.86,100.0,-101.0,22.0,-101.0,3348.86,3347.81,100.0,True,
2026-03-05T13:58:40,32,RR1.00:13-14:568:2098,2026-03-05T13:17:20,3449.86,100.0,-101.0,22.0,-101.0,3348.86,3347.81,100.0,True,
2026-03-05T13:58:40,33,RR1.00:13-14:568:2098,2026-03-05T13:17:20,3449.86,100.0,-101.0,22.0,-101.0,3348.86,3347.81,100.0,True,
2026-03-05T13:58:40,34,RR1.00:13-14:568:2098,2026-03-05T13:17:20,3449.86,100.0,-101.0,22.0,-101.0,3348.86,3347.81,100.0,True,
2026-03-05T13:58:40,35,RR1.00:13-14:568:2098,2026-03-05T13:17:20,3449.86,100.0,-101.0,22.0,-101.0,3348.86,3347.81,100.0,True,
2026-03-05T13:58:40,36,RR1.00:13-14:568:2098,2026-03-05T13:17:20,3449.86,100.0,-101.0,22.0,-101.0,3348.86,3347.81,100.0,True,
2026-03-05T13:58:40,37,RR1.00:13-14:568:2098,2026-03-05T13:17:20,3449.86,100.0,-101.0,22.0,-101.0,3348.86,3347.81,100.0,True,
2026-03-05T13:58:40,38,RR1.00:13-14:568:2098,2026-03-05T13:17:20,3449.86,100.0,-101.0,22.0,-101.0,3348.86,3347.81,100.0,True,
2026-03-05T13:58:40,39,RR1.00:13-14:568:2098,2026-03-05T13:17:20,3449.86,100.0,-101.0,22.0,-101.0,3348.86,3347.81,100.0,True,
2026-03-05T13:58:40,40,RR1.00:13-14:568:2098,2026-03-05T13:17:20,3449.86,100.0,-101.0,22.0,-101.0,3348.86,3347.81,100.0,True,
2026-03-05T13:58:40,41,RR1.00:13-14:568:2098,2026-03-05T13:17:20,3449.86,100.0,-101.0,22.0,-101.0,3348.86,3347.81,100.0,True,
2026-03-05T13:58:40,42,RR1.00:13-14:568:2098,2026-03-05T13:17:20,3449.86,100.0,-101.0,22.0,-101.0,3348.86,3347.81,100.0,True,
2026-03-05T13:58:40,43,RR1.00:13-14:568:2098,2026-03-05T13:17:20,3449.86,100.0,-101.0,22.0,-101.0,3348.86,3347.81,100.0,True,
2026-03-05T13:58:40,44,RR1.00:13-14:568:2098,2026-03-05T13:17:20,3449.86,100.0,-101.0,22.0,-101.0,3348.86,3347.81,100.0,True,
2026-03-05T13:58:40,48,RR1.00:13-14:568:2098,2026-03-05T13:17:20,3449.86,100.0,-101.0,22.0,-101.0,3348.86,3347.81,100.0,True,
2026-03-05T13:58:40,49,RR1.00:13-14:568:2098,2026-03-05T13:17:20,3449.86,100.0,-101.0,22.0,-101.0,3348.86,3347.81,100.0,True,
2026-03-05T13:58:40,55,RR1.00:13-14:568:2098,2026-03-05T13:17:20,3449.86,100.0,-101.0,22.0,-101.0,3348.86,3347.81,100.0,True,
2026-03-05T13:58:40,56,RR1.00:13-14:568:2098,2026-03-05T13:17:20,3449.86,100.0,-101.0,22.0,-101.0,3348.86,3347.81,100.0,True,
2026-03-05T14:37:00,4,RR1.00:14-15:527:1998,2026-03-05T14:21:40,3347.81,100.0,-129.5,8.0,-129.5,3218.31,3217.26,100.0,True,
2026-03-05T14:37:00,30,RR1.00:14-15:527:1998,2026-03-05T14:21:40,3347.81,100.0,-129.5,8.0,-129.5,3218.31,3217.26,100.0,True,
2026-03-05T14:37:00,31,RR1.00:14-15:527:1998,2026-03-05T14:21:40,3347.81,100.0,-129.5,8.0,-129.5,3218.31,3217.26,100.0,True,
2026-03-05T14:37:00,32,RR1.00:14-15:527:1998,2026-03-05T14:21:40,3347.81,100.0,-129.5,8.0,-129.5,3218.31,3217.26,100.0,True,
2026-03-05T14:37:00,33,RR1.00:14-15:527:1998,2026-03-05T14:21:40,3347.81,100.0,-129.5,8.0,-129.5,3218.31,3217.26,100.0,True,
2026-03-05T14:37:00,34,RR1.00:14-15:527:1998,2026-03-05T14:21:40,3347.81,100.0,-129.5,8.0,-129.5,3218.31,3217.26,100.0,True,
2026-03-05T14:37:00,35,RR1.00:14-15:527:1998,2026-03-05T14:21:40,3347.81,100.0,-129.5,8.0,-129.5,3218.31,3217.26,100.0,True,
2026-03-05T14:37:00,36,RR1.00:14-15:527:1998,2026-03-05T14:21:40,3347.81,100.0,-129.5,8.0,-129.5,3218.31,3217.26,100.0,True,
2026-03-05T14:37:00,37,RR1.00:14-15:527:1998,2026-03-05T14:21:40,3347.81,100.0,-129.5,8.0,-129.5,3218.31,3217.26,100.0,True,
2026-03-05T14:37:00,38,RR1.00:14-15:527:1998,2026-03-05T14:21:40,3347.81,100.0,-129.5,8.0,-129.5,3218.31,3217.26,100.0,True,
2026-03-05T14:37:00,39,RR1.00:14-15:527:1998,2026-03-05T14:21:40,3347.81,100.0,-129.5,8.0,-129.5,3218.31,3217.26,100.0,True,
2026-03-05T14:37:00,40,RR1.00:14-15:527:1998,2026-03-05T14:21:40,3347.81,100.0,-129.5,8.0,-129.5,3218.31,3217.26,100.0,True,
2026-03-05T14:37:00,41,RR1.00:14-15:527:1998,2026-03-05T14:21:40,3347.81,100.0,-129.5,8.0,-129.5,3218.31,3217.26,100.0,True,
2026-03-05T14:37:00,42,RR1.00:14-15:527:1998,2026-03-05T14:21:40,3347.81,100.0,-129.5,8.0,-129.5,3218.31,3217.26,100.0,True,
2026-03-05T14:37:00,43,RR1.00:14-15:527:1998,2026-03-05T14:21:40,3347.81,100.0,-129.5,8.0,-129.5,3218.31,3217.26,100.0,True,
2026-03-05T14:37:00,44,RR1.00:14-15:527:1998,2026-03-05T14:21:40,3347.81,100.0,-129.5,8.0,-129.5,3218.31,3217.26,100.0,True,
2026-03-05T14:37:00,48,RR1.00:14-15:527:1998,2026-03-05T14:21:40,3347.81,100.0,-129.5,8.0,-129.5,3218.31,3217.26,100.0,True,
2026-03-05T14:37:00,49,RR1.00:14-15:527:1998,2026-03-05T14:21:40,3347.81,100.0,-129.5,8.0,-129.5,3218.31,3217.26,100.0,True,
2026-03-05T14:37:00,55,RR1.00:14-15:527:1998,2026-03-05T14:21:40,3347.81,100.0,-129.5,8.0,-129.5,3218.31,3217.26,100.0,True,
2026-03-05T14:37:00,56,RR1.00:14-15:527:1998,2026-03-05T14:21:40,3347.81,100.0,-129.5,8.0,-129.5,3218.31,3217.26,100.0,True,
2026-03-05T17:00:00,4,RR1.00:16-17:843:2408,2026-03-05T16:30:40,3217.26,100.0,20.5,349.5,344.5,3217.26,3560.71,100.0,True,
2026-03-05T17:00:00,30,RR1.00:16-17:843:2408,2026-03-05T16:30:40,3217.26,100.0,20.5,349.5,344.5,3217.26,3560.71,100.0,True,
2026-03-05T17:00:00,31,RR1.00:16-17:843:2408,2026-03-05T16:30:40,3217.26,100.0,20.5,349.5,344.5,3217.26,3560.71,100.0,True,
2026-03-05T17:00:00,32,RR1.00:16-17:843:2408,2026-03-05T16:30:40,3217.26,100.0,20.5,349.5,344.5,3217.26,3560.71,100.0,True,
2026-03-05T17:00:00,33,RR1.00:16-17:843:2408,2026-03-05T16:30:40,3217.26,100.0,20.5,349.5,344.5,3217.26,3560.71,100.0,True,
2026-03-05T17:00:00,34,RR1.00:16-17:843:2408,2026-03-05T16:30:40,3217.26,100.0,20.5,349.5,344.5,3217.26,3560.71,100.0,True,
2026-03-05T17:00:00,35,RR1.00:16-17:843:2408,2026-03-05T16:30:40,3217.26,100.0,20.5,349.5,344.5,3217.26,3560.71,100.0,True,
2026-03-05T17:00:00,36,RR1.00:16-17:843:2408,2026-03-05T16:30:40,3217.26,100.0,20.5,349.5,344.5,3217.26,3560.71,100.0,True,
2026-03-05T17:00:00,37,RR1.00:16-17:843:2408,2026-03-05T16:30:40,3217.26,100.0,20.5,349.5,344.5,3217.26,3560.71,100.0,True,
2026-03-05T17:00:00,38,RR1.00:16-17:843:2408,2026-03-05T16:30:40,3217.26,100.0,20.5,349.5,344.5,3217.26,3560.71,100.0,True,
2026-03-05T17:00:00,39,RR1.00:16-17:843:2408,2026-03-05T16:30:40,3217.26,100.0,20.5,349.5,344.5,3217.26,3560.71,100.0,True,
2026-03-05T17:00:00,40,RR1.00:16-17:843:2408,2026-03-05T16:30:40,3217.26,100.0,20.5,349.5,344.5,3217.26,3560.71,100.0,True,
2026-03-05T17:00:00,41,RR1.00:16-17:843:2408,2026-03-05T16:30:40,3217.26,100.0,20.5,349.5,344.5,3217.26,3560.71,100.0,True,
2026-03-05T17:00:00,42,RR1.00:16-17:843:2408,2026-03-05T16:30:40,3217.26,100.0,20.5,349.5,344.5,3217.26,3560.71,100.0,True,
2026-03-05T17:00:00,43,RR1.00:16-17:843:2408,2026-03-05T16:30:40,3217.26,100.0,20.5,349.5,344.5,3217.26,3560.71,100.0,True,
2026-03-05T17:00:00,44,RR1.00:16-17:843:2408,2026-03-05T16:30:40,3217.26,100.0,20.5,349.5,344.5,3217.26,3560.71,100.0,True,
2026-03-05T17:00:00,48,RR1.00:16-17:843:2408,2026-03-05T16:30:40,3217.26,100.0,20.5,349.5,344.5,3217.26,3560.71,100.0,True,
2026-03-05T17:00:00,49,RR1.00:16-17:843:2408,2026-03-05T16:30:40,3217.26,100.0,20.5,349.5,344.5,3217.26,3560.71,100.0,True,
2026-03-05T17:00:00,55,RR1.00:16-17:843:2408,2026-03-05T16:30:40,3217.26,100.0,20.5,349.5,344.5,3217.26,3560.71,100.0,True,
2026-03-05T17:00:00,56,RR1.00:16-17:843:2408,2026-03-05T16:30:40,3217.26,100.0,20.5,349.5,344.5,3217.26,3560.71,100.0,True,
2026-03-06T02:00:00,4,RR1.00:1-2:451:1828,2026-03-06T01:03:40,3560.71,100.0,-21.5,81.0,60.5,3539.21,3620.16,100.0,True,
2026-03-06T02:00:00,30,RR1.00:1-2:451:1828,2026-03-06T01:03:40,3560.71,100.0,-21.5,81.0,60.5,3539.21,3620.16,100.0,True,
2026-03-06T02:00:00,31,RR1.00:1-2:451:1828,2026-03-06T01:03:40,3560.71,100.0,-21.5,81.0,60.5,3539.21,3620.16,100.0,True,
2026-03-06T02:00:00,32,RR1.00:1-2:451:1828,2026-03-06T01:03:40,3560.71,100.0,-21.5,81.0,60.5,3539.21,3620.16,100.0,True,
2026-03-06T02:00:00,33,RR1.00:1-2:451:1828,2026-03-06T01:03:40,3560.71,100.0,-21.5,81.0,60.5,3539.21,3620.16,100.0,True,
2026-03-06T02:00:00,34,RR1.00:1-2:451:1828,2026-03-06T01:03:40,3560.71,100.0,-21.5,81.0,60.5,3539.21,3620.16,100.0,True,
2026-03-06T02:00:00,35,RR1.00:1-2:451:1828,2026-03-06T01:03:40,3560.71,100.0,-21.5,81.0,60.5,3539.21,3620.16,100.0,True,
2026-03-06T02:00:00,36,RR1.00:1-2:451:1828,2026-03-06T01:03:40,3560.71,100.0,-21.5,81.0,60.5,3539.21,3620.16,100.0,True,
2026-03-06T02:00:00,37,RR1.00:1-2:451:1828,2026-03-06T01:03:40,3560.71,100.0,-21.5,81.0,60.5,3539.21,3620.16,100.0,True,
2026-03-06T02:00:00,38,RR1.00:1-2:451:1828,2026-03-06T01:03:40,3560.71,100.0,-21.5,81.0,60.5,3539.21,3620.16,100.0,True,
2026-03-06T02:00:00,39,RR1.00:1-2:451:1828,2026-03-06T01:03:40,3560.71,100.0,-21.5,81.0,60.5,3539.21,3620.16,100.0,True,
2026-03-06T02:00:00,40,RR1.00:1-2:451:1828,2026-03-06T01:03:40,3560.71,100.0,-21.5,81.0,60.5,3539.21,3620.16,100.0,True,
2026-03-06T02:00:00,41,RR1.00:1-2:451:1828,2026-03-06T01:03:40,3560.71,100.0,-21.5,81.0,60.5,3539.21,3620.16,100.0,True,
2026-03-06T02:00:00,42,RR1.00:1-2:451:1828,2026-03-06T01:03:40,3560.71,100.0,-21.5,81.0,60.5,3539.21,3620.16,100.0,True,
2026-03-06T02:00:00,43,RR1.00:1-2:451:1828,2026-03-06T01:03:40,3560.71,100.0,-21.5,81.0,60.5,3539.21,3620.16,100.0,True,
2026-03-06T02:00:00,44,RR1.00:1-2:451:1828,2026-03-06T01:03:40,3560.71,100.0,-21.5,81.0,60.5,3539.21,3620.16,100.0,True,
2026-03-06T02:00:00,48,RR1.00:1-2:451:1828,2026-03-06T01:03:40,3560.71,100.0,-21.5,81.0,60.5,3539.21,3620.16,100.0,True,
2026-03-06T02:00:00,49,RR1.00:1-2:451:1828,2026-03-06T01:03:40,3560.71,100.0,-21.5,81.0,60.5,3539.21,3620.16,100.0,True,
2026-03-06T02:00:00,55,RR1.00:1-2:451:1828,2026-03-06T01:03:40,3560.71,100.0,-21.5,81.0,60.5,3539.21,3620.16,100.0,True,
2026-03-06T02:00:00,56,RR1.00:1-2:451:1828,2026-03-06T01:03:40,3560.71,100.0,-21.5,81.0,60.5,3539.21,3620.16,100.0,True,
2026-03-06T09:11:40,4,RR1.00:6-7:532:2039,2026-03-06T06:33:40,3620.16,100.0,-43.5,52.5,-43.5,3576.66,3575.61,100.0,True,
2026-03-06T09:11:40,30,RR1.00:6-7:532:2039,2026-03-06T06:33:40,3620.16,100.0,-43.5,52.5,-43.5,3576.66,3575.61,100.0,True,
2026-03-06T09:11:40,31,RR1.00:6-7:532:2039,2026-03-06T06:33:40,3620.16,100.0,-43.5,52.5,-43.5,3576.66,3575.61,100.0,True,
2026-03-06T09:11:40,32,RR1.00:6-7:532:2039,2026-03-06T06:33:40,3620.16,100.0,-43.5,52.5,-43.5,3576.66,3575.61,100.0,True,
2026-03-06T09:11:40,33,RR1.00:6-7:532:2039,2026-03-06T06:33:40,3620.16,100.0,-43.5,52.5,-43.5,3576.66,3575.61,100.0,True,
2026-03-06T09:11:40,34,RR1.00:6-7:532:2039,2026-03-06T06:33:40,3620.16,100.0,-43.5,52.5,-43.5,3576.66,3575.61,100.0,True,
2026-03-06T09:11:40,35,RR1.00:6-7:532:2039,2026-03-06T06:33:40,3620.16,100.0,-43.5,52.5,-43.5,3576.66,3575.61,100.0,True,
2026-03-06T09:11:40,36,RR1.00:6-7:532:2039,2026-03-06T06:33:40,3620.16,100.0,-43.5,52.5,-43.5,3576.66,3575.61,100.0,True,
2026-03-06T09:11:40,37,RR1.00:6-7:532:2039,2026-03-06T06:33:40,3620.16,100.0,-43.5,52.5,-43.5,3576.66,3575.61,100.0,True,
2026-03-06T09:11:40,38,RR1.00:6-7:532:2039,2026-03-06T06:33:40,3620.16,100.0,-43.5,52.5,-43.5,3576.66,3575.61,100.0,True,
2026-03-06T09:11:40,39,RR1.00:6-7:532:2039,2026-03-06T06:33:40,3620.16,100.0,-43.5,52.5,-43.5,3576.66,3575.61,100.0,True,
2026-03-06T09:11:40,40,RR1.00:6-7:532:2039,2026-03-06T06:33:40,3620.16,100.0,-43.5,52.5,-43.5,3576.66,3575.61,100.0,True,
2026-03-06T09:11:40,41,RR1.00:6-7:532:2039,2026-03-06T06:33:40,3620.16,100.0,-43.5,52.5,-43.5,3576.66,3575.61,100.0,True,
2026-03-06T09:11:40,42,RR1.00:6-7:532:2039,2026-03-06T06:33:40,3620.16,100.0,-43.5,52.5,-43.5,3576.66,3575.61,100.0,True,
2026-03-06T09:11:40,43,RR1.00:6-7:532:2039,2026-03-06T06:33:40,3620.16,100.0,-43.5,52.5,-43.5,3576.66,3575.61,100.0,True,
2026-03-06T09:11:40,44,RR1.00:6-7:532:2039,2026-03-06T06:33:40,3620.16,100.0,-43.5,52.5,-43.5,3576.66,3575.61,100.0,True,
2026-03-06T09:11:40,48,RR1.00:6-7:532:2039,2026-03-06T06:33:40,3620.16,100.0,-43.5,52.5,-43.5,3576.66,3575.61,100.0,True,
2026-03-06T09:11:40,49,RR1.00:6-7:532:2039,2026-03-06T06:33:40,3620.16,100.0,-43.5,52.5,-43.5,3576.66,3575.61,100.0,True,
2026-03-06T09:11:40,55,RR1.00:6-7:532:2039,2026-03-06T06:33:40,3620.16,100.0,-43.5,52.5,-43.5,3576.66,3575.61,100.0,True,
2026-03-06T09:11:40,56,RR1.00:6-7:532:2039,2026-03-06T06:33:40,3620.16,100.0,-43.5,52.5,-43.5,3576.66,3575.61,100.0,True,
2026-03-06T10:03:40,4,RR1.00:9-10:554:2049,2026-03-06T09:21:40,3575.61,100.0,-43.5,36.0,-43.5,3532.11,3531.06,100.0,True,
2026-03-06T10:03:40,30,RR1.00:9-10:554:2049,2026-03-06T09:21:40,3575.61,100.0,-43.5,36.0,-43.5,3532.11,3531.06,100.0,True,
2026-03-06T10:03:40,31,RR1.00:9-10:554:2049,2026-03-06T09:21:40,3575.61,100.0,-43.5,36.0,-43.5,3532.11,3531.06,100.0,True,
2026-03-06T10:03:40,32,RR1.00:9-10:554:2049,2026-03-06T09:21:40,3575.61,100.0,-43.5,36.0,-43.5,3532.11,3531.06,100.0,True,
2026-03-06T10:03:40,33,RR1.00:9-10:554:2049,2026-03-06T09:21:40,3575.61,100.0,-43.5,36.0,-43.5,3532.11,3531.06,100.0,True,
2026-03-06T10:03:40,34,RR1.00:9-10:554:2049,2026-03-06T09:21:40,3575.61,100.0,-43.5,36.0,-43.5,3532.11,3531.06,100.0,True,
2026-03-06T10:03:40,35,RR1.00:9-10:554:2049,2026-03-06T09:21:40,3575.61,100.0,-43.5,36.0,-43.5,3532.11,3531.06,100.0,True,
2026-03-06T10:03:40,36,RR1.00:9-10:554:2049,2026-03-06T09:21:40,3575.61,100.0,-43.5,36.0,-43.5,3532.11,3531.06,100.0,True,
2026-03-06T10:03:40,37,RR1.00:9-10:554:2049,2026-03-06T09:21:40,3575.61,100.0,-43.5,36.0,-43.5,3532.11,3531.06,100.0,True,
2026-03-06T10:03:40,38,RR1.00:9-10:554:2049,2026-03-06T09:21:40,3575.61,100.0,-43.5,36.0,-43.5,3532.11,3531.06,100.0,True,
2026-03-06T10:03:40,39,RR1.00:9-10:554:2049,2026-03-06T09:21:40,3575.61,100.0,-43.5,36.0,-43.5,3532.11,3531.06,100.0,True,
2026-03-06T10:03:40,40,RR1.00:9-10:554:2049,2026-03-06T09:21:40,3575.61,100.0,-43.5,36.0,-43.5,3532.11,3531.06,100.0,True,
2026-03-06T10:03:40,41,RR1.00:9-10:554:2049,2026-03-06T09:21:40,3575.61,100.0,-43.5,36.0,-43.5,3532.11,3531.06,100.0,True,
2026-03-06T10:03:40,42,RR1.00:9-10:554:2049,2026-03-06T09:21:40,3575.61,100.0,-43.5,36.0,-43.5,3532.11,3531.06,100.0,True,
2026-03-06T10:03:40,43,RR1.00:9-10:554:2049,2026-03-06T09:21:40,3575.61,100.0,-43.5,36.0,-43.5,3532.11,3531.06,100.0,True,
2026-03-06T10:03:40,44,RR1.00:9-10:554:2049,2026-03-06T09:21:40,3575.61,100.0,-43.5,36.0,-43.5,3532.11,3531.06,100.0,True,
2026-03-06T10:03:40,48,RR1.00:9-10:554:2049,2026-03-06T09:21:40,3575.61,100.0,-43.5,36.0,-43.5,3532.11,3531.06,100.0,True,
2026-03-06T10:03:40,49,RR1.00:9-10:554:2049,2026-03-06T09:21:40,3575.61,100.0,-43.5,36.0,-43.5,3532.11,3531.06,100.0,True,
2026-03-06T10:03:40,55,RR1.00:9-10:554:2049,2026-03-06T09:21:40,3575.61,100.0,-43.5,36.0,-43.5,3532.11,3531.06,100.0,True,
2026-03-06T10:03:40,56,RR1.00:9-10:554:2049,2026-03-06T09:21:40,3575.61,100.0,-43.5,36.0,-43.5,3532.11,3531.06,100.0,True,
2026-03-06T10:25:40,4,RR1.00:5-6:430:1910,2026-03-06T05:58:40,3531.06,100.0,-87.5,59.0,-87.5,3443.56,3442.51,100.0,True,
2026-03-06T10:25:40,30,RR1.00:5-6:430:1910,2026-03-06T05:58:40,3531.06,100.0,-87.5,59.0,-87.5,3443.56,3442.51,100.0,True,
2026-03-06T10:25:40,31,RR1.00:5-6:430:1910,2026-03-06T05:58:40,3531.06,100.0,-87.5,59.0,-87.5,3443.56,3442.51,100.0,True,
2026-03-06T10:25:40,32,RR1.00:5-6:430:1910,2026-03-06T05:58:40,3531.06,100.0,-87.5,59.0,-87.5,3443.56,3442.51,100.0,True,
2026-03-06T10:25:40,33,RR1.00:5-6:430:1910,2026-03-06T05:58:40,3531.06,100.0,-87.5,59.0,-87.5,3443.56,3442.51,100.0,True,
2026-03-06T10:25:40,34,RR1.00:5-6:430:1910,2026-03-06T05:58:40,3531.06,100.0,-87.5,59.0,-87.5,3443.56,3442.51,100.0,True,
2026-03-06T10:25:40,35,RR1.00:5-6:430:1910,2026-03-06T05:58:40,3531.06,100.0,-87.5,59.0,-87.5,3443.56,3442.51,100.0,True,
2026-03-06T10:25:40,36,RR1.00:5-6:430:1910,2026-03-06T05:58:40,3531.06,100.0,-87.5,59.0,-87.5,3443.56,3442.51,100.0,True,
2026-03-06T10:25:40,37,RR1.00:5-6:430:1910,2026-03-06T05:58:40,3531.06,100.0,-87.5,59.0,-87.5,3443.56,3442.51,100.0,True,
2026-03-06T10:25:40,38,RR1.00:5-6:430:1910,2026-03-06T05:58:40,3531.06,100.0,-87.5,59.0,-87.5,3443.56,3442.51,100.0,True,
2026-03-06T10:25:40,39,RR1.00:5-6:430:1910,2026-03-06T05:58:40,3531.06,100.0,-87.5,59.0,-87.5,3443.56,3442.51,100.0,True,
2026-03-06T10:25:40,40,RR1.00:5-6:430:1910,2026-03-06T05:58:40,3531.06,100.0,-87.5,59.0,-87.5,3443.56,3442.51,100.0,True,
2026-03-06T10:25:40,41,RR1.00:5-6:430:1910,2026-03-06T05:58:40,3531.06,100.0,-87.5,59.0,-87.5,3443.56,3442.51,100.0,True,
2026-03-06T10:25:40,42,RR1.00:5-6:430:1910,2026-03-06T05:58:40,3531.06,100.0,-87.5,59.0,-87.5,3443.56,3442.51,100.0,True,
2026-03-06T10:25:40,43,RR1.00:5-6:430:1910,2026-03-06T05:58:40,3531.06,100.0,-87.5,59.0,-87.5,3443.56,3442.51,100.0,True,
2026-03-06T10:25:40,44,RR1.00:5-6:430:1910,2026-03-06T05:58:40,3531.06,100.0,-87.5,59.0,-87.5,3443.56,3442.51,100.0,True,
2026-03-06T10:25:40,48,RR1.00:5-6:430:1910,2026-03-06T05:58:40,3531.06,100.0,-87.5,59.0,-87.5,3443.56,3442.51,100.0,True,
2026-03-06T10:25:40,49,RR1.00:5-6:430:1910,2026-03-06T05:58:40,3531.06,100.0,-87.5,59.0,-87.5,3443.56,3442.51,100.0,True,
2026-03-06T10:25:40,55,RR1.00:5-6:430:1910,2026-03-06T05:58:40,3531.06,100.0,-87.5,59.0,-87.5,3443.56,3442.51,100.0,True,
2026-03-06T10:25:40,56,RR1.00:5-6:430:1910,2026-03-06T05:58:40,3531.06,100.0,-87.5,59.0,-87.5,3443.56,3442.51,100.0,True,
2026-03-06T15:30:40,4,RR1.00:15-16:679:2225,2026-03-06T15:09:40,3442.51,100.0,-111.5,67.0,-111.5,3331.01,3329.96,100.0,True,
2026-03-06T15:30:40,30,RR1.00:15-16:679:2225,2026-03-06T15:09:40,3442.51,100.0,-111.5,67.0,-111.5,3331.01,3329.96,100.0,True,
2026-03-06T15:30:40,31,RR1.00:15-16:679:2225,2026-03-06T15:09:40,3442.51,100.0,-111.5,67.0,-111.5,3331.01,3329.96,100.0,True,
2026-03-06T15:30:40,32,RR1.00:15-16:679:2225,2026-03-06T15:09:40,3442.51,100.0,-111.5,67.0,-111.5,3331.01,3329.96,100.0,True,
2026-03-06T15:30:40,33,RR1.00:15-16:679:2225,2026-03-06T15:09:40,3442.51,100.0,-111.5,67.0,-111.5,3331.01,3329.96,100.0,True,
2026-03-06T15:30:40,34,RR1.00:15-16:679:2225,2026-03-06T15:09:40,3442.51,100.0,-111.5,67.0,-111.5,3331.01,3329.96,100.0,True,
2026-03-06T15:30:40,35,RR1.00:15-16:679:2225,2026-03-06T15:09:40,3442.51,100.0,-111.5,67.0,-111.5,3331.01,3329.96,100.0,True,
2026-03-06T15:30:40,36,RR1.00:15-16:679:2225,2026-03-06T15:09:40,3442.51,100.0,-111.5,67.0,-111.5,3331.01,3329.96,100.0,True,
2026-03-06T15:30:40,37,RR1.00:15-16:679:2225,2026-03-06T15:09:40,3442.51,100.0,-111.5,67.0,-111.5,3331.01,3329.96,100.0,True,
2026-03-06T15:30:40,38,RR1.00:15-16:679:2225,2026-03-06T15:09:40,3442.51,100.0,-111.5,67.0,-111.5,3331.01,3329.96,100.0,True,
2026-03-06T15:30:40,39,RR1.00:15-16:679:2225,2026-03-06T15:09:40,3442.51,100.0,-111.5,67.0,-111.5,3331.01,3329.96,100.0,True,
2026-03-06T15:30:40,40,RR1.00:15-16:679:2225,2026-03-06T15:09:40,3442.51,100.0,-111.5,67.0,-111.5,3331.01,3329.96,100.0,True,
2026-03-06T15:30:40,41,RR1.00:15-16:679:2225,2026-03-06T15:09:40,3442.51,100.0,-111.5,67.0,-111.5,3331.01,3329.96,100.0,True,
2026-03-06T15:30:40,42,RR1.00:15-16:679:2225,2026-03-06T15:09:40,3442.51,100.0,-111.5,67.0,-111.5,3331.01,3329.96,100.0,True,
2026-03-06T15:30:40,43,RR1.00:15-16:679:2225,2026-03-06T15:09:40,3442.51,100.0,-111.5,67.0,-111.5,3331.01,3329.96,100.0,True,
2026-03-06T15:30:40,44,RR1.00:15-16:679:2225,2026-03-06T15:09:40,3442.51,100.0,-111.5,67.0,-111.5,3331.01,3329.96,100.0,True,
2026-03-06T15:30:40,48,RR1.00:15-16:679:2225,2026-03-06T15:09:40,3442.51,100.0,-111.5,67.0,-111.5,3331.01,3329.96,100.0,True,
2026-03-06T15:30:40,49,RR1.00:15-16:679:2225,2026-03-06T15:09:40,3442.51,100.0,-111.5,67.0,-111.5,3331.01,3329.96,100.0,True,
2026-03-06T15:30:40,55,RR1.00:15-16:679:2225,2026-03-06T15:09:40,3442.51,100.0,-111.5,67.0,-111.5,3331.01,3329.96,100.0,True,
2026-03-06T15:30:40,56,RR1.00:15-16:679:2225,2026-03-06T15:09:40,3442.51,100.0,-111.5,67.0,-111.5,3331.01,3329.96,100.0,True,
2026-03-06T19:36:40,4,RR1.00:18-19:461:1964,2026-03-06T18:48:40,3329.96,100.0,-216.5,43.5,-216.5,3113.46,3112.41,100.0,True,
2026-03-06T19:36:40,30,RR1.00:18-19:461:1964,2026-03-06T18:48:40,3329.96,100.0,-216.5,43.5,-216.5,3113.46,3112.41,100.0,True,
2026-03-06T19:36:40,31,RR1.00:18-19:461:1964,2026-03-06T18:48:40,3329.96,100.0,-216.5,43.5,-216.5,3113.46,3112.41,100.0,True,
2026-03-06T19:36:40,32,RR1.00:18-19:461:1964,2026-03-06T18:48:40,3329.96,100.0,-216.5,43.5,-216.5,3113.46,3112.41,100.0,True,
2026-03-06T19:36:40,33,RR1.00:18-19:461:1964,2026-03-06T18:48:40,3329.96,100.0,-216.5,43.5,-216.5,3113.46,3112.41,100.0,True,
2026-03-06T19:36:40,34,RR1.00:18-19:461:1964,2026-03-06T18:48:40,3329.96,100.0,-216.5,43.5,-216.5,3113.46,3112.41,100.0,True,
2026-03-06T19:36:40,35,RR1.00:18-19:461:1964,2026-03-06T18:48:40,3329.96,100.0,-216.5,43.5,-216.5,3113.46,3112.41,100.0,True,
2026-03-06T19:36:40,36,RR1.00:18-19:461:1964,2026-03-06T18:48:40,3329.96,100.0,-216.5,43.5,-216.5,3113.46,3112.41,100.0,True,
2026-03-06T19:36:40,37,RR1.00:18-19:461:1964,2026-03-06T18:48:40,3329.96,100.0,-216.5,43.5,-216.5,3113.46,3112.41,100.0,True,
2026-03-06T19:36:40,38,RR1.00:18-19:461:1964,2026-03-06T18:48:40,3329.96,100.0,-216.5,43.5,-216.5,3113.46,3112.41,100.0,True,
2026-03-06T19:36:40,39,RR1.00:18-19:461:1964,2026-03-06T18:48:40,3329.96,100.0,-216.5,43.5,-216.5,3113.46,3112.41,100.0,True,
2026-03-06T19:36:40,40,RR1.00:18-19:461:1964,2026-03-06T18:48:40,3329.96,100.0,-216.5,43.5,-216.5,3113.46,3112.41,100.0,True,
2026-03-06T19:36:40,41,RR1.00:18-19:461:1964,2026-03-06T18:48:40,3329.96,100.0,-216.5,43.5,-216.5,3113.46,3112.41,100.0,True,
2026-03-06T19:36:40,42,RR1.00:18-19:461:1964,2026-03-06T18:48:40,3329.96,100.0,-216.5,43.5,-216.5,3113.46,3112.41,100.0,True,
2026-03-06T19:36:40,43,RR1.00:18-19:461:1964,2026-03-06T18:48:40,3329.96,100.0,-216.5,43.5,-216.5,3113.46,3112.41,100.0,True,
2026-03-06T19:36:40,44,RR1.00:18-19:461:1964,2026-03-06T18:48:40,3329.96,100.0,-216.5,43.5,-216.5,3113.46,3112.41,100.0,True,
2026-03-06T19:36:40,48,RR1.00:18-19:461:1964,2026-03-06T18:48:40,3329.96,100.0,-216.5,43.5,-216.5,3113.46,3112.41,100.0,True,
2026-03-06T19:36:40,49,RR1.00:18-19:461:1964,2026-03-06T18:48:40,3329.96,100.0,-216.5,43.5,-216.5,3113.46,3112.41,100.0,True,
2026-03-06T19:36:40,55,RR1.00:18-19:461:1964,2026-03-06T18:48:40,3329.96,100.0,-216.5,43.5,-216.5,3113.46,3112.41,100.0,True,
2026-03-06T19:36:40,56,RR1.00:18-19:461:1964,2026-03-06T18:48:40,3329.96,100.0,-216.5,43.5,-216.5,3113.46,3112.41,100.0,True,
2026-03-06T22:10:40,4,RR1.00:22-23:551:1991,2026-03-06T22:02:20,3112.41,100.0,-131.5,26.5,-131.5,2980.91,2979.86,100.0,True,
2026-03-06T22:10:40,30,RR1.00:22-23:551:1991,2026-03-06T22:02:20,3112.41,100.0,-131.5,26.5,-131.5,2980.91,2979.86,100.0,True,
2026-03-06T22:10:40,31,RR1.00:22-23:551:1991,2026-03-06T22:02:20,3112.41,100.0,-131.5,26.5,-131.5,2980.91,2979.86,100.0,True,
2026-03-06T22:10:40,32,RR1.00:22-23:551:1991,2026-03-06T22:02:20,3112.41,100.0,-131.5,26.5,-131.5,2980.91,2979.86,100.0,True,
2026-03-06T22:10:40,33,RR1.00:22-23:551:1991,2026-03-06T22:02:20,3112.41,100.0,-131.5,26.5,-131.5,2980.91,2979.86,100.0,True,
2026-03-06T22:10:40,34,RR1.00:22-23:551:1991,2026-03-06T22:02:20,3112.41,100.0,-131.5,26.5,-131.5,2980.91,2979.86,100.0,True,
2026-03-06T22:10:40,35,RR1.00:22-23:551:1991,2026-03-06T22:02:20,3112.41,100.0,-131.5,26.5,-131.5,2980.91,2979.86,100.0,True,
2026-03-06T22:10:40,36,RR1.00:22-23:551:1991,2026-03-06T22:02:20,3112.41,100.0,-131.5,26.5,-131.5,2980.91,2979.86,100.0,True,
2026-03-06T22:10:40,37,RR1.00:22-23:551:1991,2026-03-06T22:02:20,3112.41,100.0,-131.5,26.5,-131.5,2980.91,2979.86,100.0,True,
2026-03-06T22:10:40,38,RR1.00:22-23:551:1991,2026-03-06T22:02:20,3112.41,100.0,-131.5,26.5,-131.5,2980.91,2979.86,100.0,True,
2026-03-06T22:10:40,39,RR1.00:22-23:551:1991,2026-03-06T22:02:20,3112.41,100.0,-131.5,26.5,-131.5,2980.91,2979.86,100.0,True,
2026-03-06T22:10:40,40,RR1.00:22-23:551:1991,2026-03-06T22:02:20,3112.41,100.0,-131.5,26.5,-131.5,2980.91,2979.86,100.0,True,
2026-03-06T22:10:40,41,RR1.00:22-23:551:1991,2026-03-06T22:02:20,3112.41,100.0,-131.5,26.5,-131.5,2980.91,2979.86,100.0,True,
2026-03-06T22:10:40,42,RR1.00:22-23:551:1991,2026-03-06T22:02:20,3112.41,100.0,-131.5,26.5,-131.5,2980.91,2979.86,100.0,True,
2026-03-06T22:10:40,43,RR1.00:22-23:551:1991,2026-03-06T22:02:20,3112.41,100.0,-131.5,26.5,-131.5,2980.91,2979.86,100.0,True,
2026-03-06T22:10:40,44,RR1.00:22-23:551:1991,2026-03-06T22:02:20,3112.41,100.0,-131.5,26.5,-131.5,2980.91,2979.86,100.0,True,
2026-03-06T22:10:40,48,RR1.00:22-23:551:1991,2026-03-06T22:02:20,3112.41,100.0,-131.5,26.5,-131.5,2980.91,2979.86,100.0,True,
2026-03-06T22:10:40,49,RR1.00:22-23:551:1991,2026-03-06T22:02:20,3112.41,100.0,-131.5,26.5,-131.5,2980.91,2979.86,100.0,True,
2026-03-06T22:10:40,55,RR1.00:22-23:551:1991,2026-03-06T22:02:20,3112.41,100.0,-131.5,26.5,-131.5,2980.91,2979.86,100.0,True,
2026-03-06T22:10:40,56,RR1.00:22-23:551:1991,2026-03-06T22:02:20,3112.41,100.0,-131.5,26.5,-131.5,2980.91,2979.86,100.0,True,
2026-03-06T22:11:40,4,RR1.00:20-21:512:1901,2026-03-06T20:01:40,2979.86,100.0,-164.0,146.0,-164.0,2815.86,2814.81,100.0,True,
2026-03-06T22:11:40,30,RR1.00:20-21:512:1901,2026-03-06T20:01:40,2979.86,100.0,-164.0,146.0,-164.0,2815.86,2814.81,100.0,True,
2026-03-06T22:11:40,31,RR1.00:20-21:512:1901,2026-03-06T20:01:40,2979.86,100.0,-164.0,146.0,-164.0,2815.86,2814.81,100.0,True,
2026-03-06T22:11:40,32,RR1.00:20-21:512:1901,2026-03-06T20:01:40,2979.86,100.0,-164.0,146.0,-164.0,2815.86,2814.81,100.0,True,
2026-03-06T22:11:40,33,RR1.00:20-21:512:1901,2026-03-06T20:01:40,2979.86,100.0,-164.0,146.0,-164.0,2815.86,2814.81,100.0,True,
2026-03-06T22:11:40,34,RR1.00:20-21:512:1901,2026-03-06T20:01:40,2979.86,100.0,-164.0,146.0,-164.0,2815.86,2814.81,100.0,True,
2026-03-06T22:11:40,35,RR1.00:20-21:512:1901,2026-03-06T20:01:40,2979.86,100.0,-164.0,146.0,-164.0,2815.86,2814.81,100.0,True,
2026-03-06T22:11:40,36,RR1.00:20-21:512:1901,2026-03-06T20:01:40,2979.86,100.0,-164.0,146.0,-164.0,2815.86,2814.81,100.0,True,
2026-03-06T22:11:40,37,RR1.00:20-21:512:1901,2026-03-06T20:01:40,2979.86,100.0,-164.0,146.0,-164.0,2815.86,2814.81,100.0,True,
2026-03-06T22:11:40,38,RR1.00:20-21:512:1901,2026-03-06T20:01:40,2979.86,100.0,-164.0,146.0,-164.0,2815.86,2814.81,100.0,True,
2026-03-06T22:11:40,39,RR1.00:20-21:512:1901,2026-03-06T20:01:40,2979.86,100.0,-164.0,146.0,-164.0,2815.86,2814.81,100.0,True,
2026-03-06T22:11:40,40,RR1.00:20-21:512:1901,2026-03-06T20:01:40,2979.86,100.0,-164.0,146.0,-164.0,2815.86,2814.81,100.0,True,
2026-03-06T22:11:40,41,RR1.00:20-21:512:1901,2026-03-06T20:01:40,2979.86,100.0,-164.0,146.0,-164.0,2815.86,2814.81,100.0,True,
2026-03-06T22:11:40,42,RR1.00:20-21:512:1901,2026-03-06T20:01:40,2979.86,100.0,-164.0,146.0,-164.0,2815.86,2814.81,100.0,True,
2026-03-06T22:11:40,43,RR1.00:20-21:512:1901,2026-03-06T20:01:40,2979.86,100.0,-164.0,146.0,-164.0,2815.86,2814.81,100.0,True,
2026-03-06T22:11:40,44,RR1.00:20-21:512:1901,2026-03-06T20:01:40,2979.86,100.0,-164.0,146.0,-164.0,2815.86,2814.81,100.0,True,
2026-03-06T22:11:40,48,RR1.00:20-21:512:1901,2026-03-06T20:01:40,2979.86,100.0,-164.0,146.0,-164.0,2815.86,2814.81,100.0,True,
2026-03-06T22:11:40,49,RR1.00:20-21:512:1901,2026-03-06T20:01:40,2979.86,100.0,-164.0,146.0,-164.0,2815.86,2814.81,100.0,True,
2026-03-06T22:11:40,55,RR1.00:20-21:512:1901,2026-03-06T20:01:40,2979.86,100.0,-164.0,146.0,-164.0,2815.86,2814.81,100.0,True,
2026-03-06T22:11:40,56,RR1.00:20-21:512:1901,2026-03-06T20:01:40,2979.86,100.0,-164.0,146.0,-164.0,2815.86,2814.81,100.0,True,
2026-03-09T08:30:00,4,RR1.00:7-8:595:2151,2026-03-09T07:07:20,2814.81,100.0,-93.5,144.5,140.5,2721.31,2954.26,100.0,True,
2026-03-09T08:30:00,30,RR1.00:7-8:595:2151,2026-03-09T07:07:20,2814.81,100.0,-93.5,144.5,140.5,2721.31,2954.26,100.0,True,
2026-03-09T08:30:00,31,RR1.00:7-8:595:2151,2026-03-09T07:07:20,2814.81,100.0,-93.5,144.5,140.5,2721.31,2954.26,100.0,True,
2026-03-09T08:30:00,32,RR1.00:7-8:595:2151,2026-03-09T07:07:20,2814.81,100.0,-93.5,144.5,140.5,2721.31,2954.26,100.0,True,
2026-03-09T08:30:00,33,RR1.00:7-8:595:2151,2026-03-09T07:07:20,2814.81,100.0,-93.5,144.5,140.5,2721.31,2954.26,100.0,True,
2026-03-09T08:30:00,34,RR1.00:7-8:595:2151,2026-03-09T07:07:20,2814.81,100.0,-93.5,144.5,140.5,2721.31,2954.26,100.0,True,
2026-03-09T08:30:00,35,RR1.00:7-8:595:2151,2026-03-09T07:07:20,2814.81,100.0,-93.5,144.5,140.5,2721.31,2954.26,100.0,True,
2026-03-09T08:30:00,36,RR1.00:7-8:595:2151,2026-03-09T07:07:20,2814.81,100.0,-93.5,144.5,140.5,2721.31,2954.26,100.0,True,
2026-03-09T08:30:00,37,RR1.00:7-8:595:2151,2026-03-09T07:07:20,2814.81,100.0,-93.5,144.5,140.5,2721.31,2954.26,100.0,True,
2026-03-09T08:30:00,38,RR1.00:7-8:595:2151,2026-03-09T07:07:20,2814.81,100.0,-93.5,144.5,140.5,2721.31,2954.26,100.0,True,
2026-03-09T08:30:00,39,RR1.00:7-8:595:2151,2026-03-09T07:07:20,2814.81,100.0,-93.5,144.5,140.5,2721.31,2954.26,100.0,True,
2026-03-09T08:30:00,40,RR1.00:7-8:595:2151,2026-03-09T07:07:20,2814.81,100.0,-93.5,144.5,140.5,2721.31,2954.26,100.0,True,
2026-03-09T08:30:00,41,RR1.00:7-8:595:2151,2026-03-09T07:07:20,2814.81,100.0,-93.5,144.5,140.5,2721.31,2954.26,100.0,True,
2026-03-09T08:30:00,42,RR1.00:7-8:595:2151,2026-03-09T07:07:20,2814.81,100.0,-93.5,144.5,140.5,2721.31,2954.26,100.0,True,
2026-03-09T08:30:00,43,RR1.00:7-8:595:2151,2026-03-09T07:07:20,2814.81,100.0,-93.5,144.5,140.5,2721.31,2954.26,100.0,True,
2026-03-09T08:30:00,44,RR1.00:7-8:595:2151,2026-03-09T07:07:20,2814.81,100.0,-93.5,144.5,140.5,2721.31,2954.26,100.0,True,
2026-03-09T08:30:00,48,RR1.00:7-8:595:2151,2026-03-09T07:07:20,2814.81,100.0,-93.5,144.5,140.5,2721.31,2954.26,100.0,True,
2026-03-09T08:30:00,49,RR1.00:7-8:595:2151,2026-03-09T07:07:20,2814.81,100.0,-93.5,144.5,140.5,2721.31,2954.26,100.0,True,
2026-03-09T08:30:00,55,RR1.00:7-8:595:2151,2026-03-09T07:07:20,2814.81,100.0,-93.5,144.5,140.5,2721.31,2954.26,100.0,True,
2026-03-09T08:30:00,56,RR1.00:7-8:595:2151,2026-03-09T07:07:20,2814.81,100.0,-93.5,144.5,140.5,2721.31,2954.26,100.0,True,
2026-03-09T08:30:00,4,RR1.00:8-9:598:2128,2026-03-09T08:05:40,2954.26,100.0,-42.0,141.0,137.0,2912.26,3090.21,100.0,True,
2026-03-09T08:30:00,30,RR1.00:8-9:598:2128,2026-03-09T08:05:40,2954.26,100.0,-42.0,141.0,137.0,2912.26,3090.21,100.0,True,
2026-03-09T08:30:00,31,RR1.00:8-9:598:2128,2026-03-09T08:05:40,2954.26,100.0,-42.0,141.0,137.0,2912.26,3090.21,100.0,True,
2026-03-09T08:30:00,32,RR1.00:8-9:598:2128,2026-03-09T08:05:40,2954.26,100.0,-42.0,141.0,137.0,2912.26,3090.21,100.0,True,
2026-03-09T08:30:00,33,RR1.00:8-9:598:2128,2026-03-09T08:05:40,2954.26,100.0,-42.0,141.0,137.0,2912.26,3090.21,100.0,True,
2026-03-09T08:30:00,34,RR1.00:8-9:598:2128,2026-03-09T08:05:40,2954.26,100.0,-42.0,141.0,137.0,2912.26,3090.21,100.0,True,
2026-03-09T08:30:00,35,RR1.00:8-9:598:2128,2026-03-09T08:05:40,2954.26,100.0,-42.0,141.0,137.0,2912.26,3090.21,100.0,True,
2026-03-09T08:30:00,36,RR1.00:8-9:598:2128,2026-03-09T08:05:40,2954.26,100.0,-42.0,141.0,137.0,2912.26,3090.21,100.0,True,
2026-03-09T08:30:00,37,RR1.00:8-9:598:2128,2026-03-09T08:05:40,2954.26,100.0,-42.0,141.0,137.0,2912.26,3090.21,100.0,True,
2026-03-09T08:30:00,38,RR1.00:8-9:598:2128,2026-03-09T08:05:40,2954.26,100.0,-42.0,141.0,137.0,2912.26,3090.21,100.0,True,
2026-03-09T08:30:00,39,RR1.00:8-9:598:2128,2026-03-09T08:05:40,2954.26,100.0,-42.0,141.0,137.0,2912.26,3090.21,100.0,True,
2026-03-09T08:30:00,40,RR1.00:8-9:598:2128,2026-03-09T08:05:40,2954.26,100.0,-42.0,141.0,137.0,2912.26,3090.21,100.0,True,
2026-03-09T08:30:00,41,RR1.00:8-9:598:2128,2026-03-09T08:05:40,2954.26,100.0,-42.0,141.0,137.0,2912.26,3090.21,100.0,True,
2026-03-09T08:30:00,42,RR1.00:8-9:598:2128,2026-03-09T08:05:40,2954.26,100.0,-42.0,141.0,137.0,2912.26,3090.21,100.0,True,
2026-03-09T08:30:00,43,RR1.00:8-9:598:2128,2026-03-09T08:05:40,2954.26,100.0,-42.0,141.0,137.0,2912.26,3090.21,100.0,True,
2026-03-09T08:30:00,44,RR1.00:8-9:598:2128,2026-03-09T08:05:40,2954.26,100.0,-42.0,141.0,137.0,2912.26,3090.21,100.0,True,
2026-03-09T08:30:00,48,RR1.00:8-9:598:2128,2026-03-09T08:05:40,2954.26,100.0,-42.0,141.0,137.0,2912.26,3090.21,100.0,True,
2026-03-09T08:30:00,49,RR1.00:8-9:598:2128,2026-03-09T08:05:40,2954.26,100.0,-42.0,141.0,137.0,2912.26,3090.21,100.0,True,
2026-03-09T08:30:00,55,RR1.00:8-9:598:2128,2026-03-09T08:05:40,2954.26,100.0,-42.0,141.0,137.0,2912.26,3090.21,100.0,True,
2026-03-09T08:30:00,56,RR1.00:8-9:598:2128,2026-03-09T08:05:40,2954.26,100.0,-42.0,141.0,137.0,2912.26,3090.21,100.0,True,
2026-03-09T11:04:40,4,RR1.00:11-12:454:1957,2026-03-09T11:01:40,3090.21,100.0,-97.0,15.0,-97.0,2993.21,2992.16,100.0,True,
2026-03-09T11:04:40,30,RR1.00:11-12:454:1957,2026-03-09T11:01:40,3090.21,100.0,-97.0,15.0,-97.0,2993.21,2992.16,100.0,True,
2026-03-09T11:04:40,31,RR1.00:11-12:454:1957,2026-03-09T11:01:40,3090.21,100.0,-97.0,15.0,-97.0,2993.21,2992.16,100.0,True,
2026-03-09T11:04:40,32,RR1.00:11-12:454:1957,2026-03-09T11:01:40,3090.21,100.0,-97.0,15.0,-97.0,2993.21,2992.16,100.0,True,
2026-03-09T11:04:40,33,RR1.00:11-12:454:1957,2026-03-09T11:01:40,3090.21,100.0,-97.0,15.0,-97.0,2993.21,2992.16,100.0,True,
2026-03-09T11:04:40,34,RR1.00:11-12:454:1957,2026-03-09T11:01:40,3090.21,100.0,-97.0,15.0,-97.0,2993.21,2992.16,100.0,True,
2026-03-09T11:04:40,35,RR1.00:11-12:454:1957,2026-03-09T11:01:40,3090.21,100.0,-97.0,15.0,-97.0,2993.21,2992.16,100.0,True,
2026-03-09T11:04:40,36,RR1.00:11-12:454:1957,2026-03-09T11:01:40,3090.21,100.0,-97.0,15.0,-97.0,2993.21,2992.16,100.0,True,
2026-03-09T11:04:40,37,RR1.00:11-12:454:1957,2026-03-09T11:01:40,3090.21,100.0,-97.0,15.0,-97.0,2993.21,2992.16,100.0,True,
2026-03-09T11:04:40,38,RR1.00:11-12:454:1957,2026-03-09T11:01:40,3090.21,100.0,-97.0,15.0,-97.0,2993.21,2992.16,100.0,True,
2026-03-09T11:04:40,39,RR1.00:11-12:454:1957,2026-03-09T11:01:40,3090.21,100.0,-97.0,15.0,-97.0,2993.21,2992.16,100.0,True,
2026-03-09T11:04:40,40,RR1.00:11-12:454:1957,2026-03-09T11:01:40,3090.21,100.0,-97.0,15.0,-97.0,2993.21,2992.16,100.0,True,
2026-03-09T11:04:40,41,RR1.00:11-12:454:1957,2026-03-09T11:01:40,3090.21,100.0,-97.0,15.0,-97.0,2993.21,2992.16,100.0,True,
2026-03-09T11:04:40,42,RR1.00:11-12:454:1957,2026-03-09T11:01:40,3090.21,100.0,-97.0,15.0,-97.0,2993.21,2992.16,100.0,True,
2026-03-09T11:04:40,43,RR1.00:11-12:454:1957,2026-03-09T11:01:40,3090.21,100.0,-97.0,15.0,-97.0,2993.21,2992.16,100.0,True,
2026-03-09T11:04:40,44,RR1.00:11-12:454:1957,2026-03-09T11:01:40,3090.21,100.0,-97.0,15.0,-97.0,2993.21,2992.16,100.0,True,
2026-03-09T11:04:40,48,RR1.00:11-12:454:1957,2026-03-09T11:01:40,3090.21,100.0,-97.0,15.0,-97.0,2993.21,2992.16,100.0,True,
2026-03-09T11:04:40,49,RR1.00:11-12:454:1957,2026-03-09T11:01:40,3090.21,100.0,-97.0,15.0,-97.0,2993.21,2992.16,100.0,True,
2026-03-09T11:04:40,55,RR1.00:11-12:454:1957,2026-03-09T11:01:40,3090.21,100.0,-97.0,15.0,-97.0,2993.21,2992.16,100.0,True,
2026-03-09T11:04:40,56,RR1.00:11-12:454:1957,2026-03-09T11:01:40,3090.21,100.0,-97.0,15.0,-97.0,2993.21,2992.16,100.0,True,
2026-03-09T12:30:00,4,RR1.00:10-11:585:2121,2026-03-09T10:23:40,2992.16,100.0,-149.5,242.0,202.5,2842.66,3193.61,100.0,True,
2026-03-09T12:30:00,30,RR1.00:10-11:585:2121,2026-03-09T10:23:40,2992.16,100.0,-149.5,242.0,202.5,2842.66,3193.61,100.0,True,
2026-03-09T12:30:00,31,RR1.00:10-11:585:2121,2026-03-09T10:23:40,2992.16,100.0,-149.5,242.0,202.5,2842.66,3193.61,100.0,True,
2026-03-09T12:30:00,32,RR1.00:10-11:585:2121,2026-03-09T10:23:40,2992.16,100.0,-149.5,242.0,202.5,2842.66,3193.61,100.0,True,
2026-03-09T12:30:00,33,RR1.00:10-11:585:2121,2026-03-09T10:23:40,2992.16,100.0,-149.5,242.0,202.5,2842.66,3193.61,100.0,True,
2026-03-09T12:30:00,34,RR1.00:10-11:585:2121,2026-03-09T10:23:40,2992.16,100.0,-149.5,242.0,202.5,2842.66,3193.61,100.0,True,
2026-03-09T12:30:00,35,RR1.00:10-11:585:2121,2026-03-09T10:23:40,2992.16,100.0,-149.5,242.0,202.5,2842.66,3193.61,100.0,True,
2026-03-09T12:30:00,36,RR1.00:10-11:585:2121,2026-03-09T10:23:40,2992.16,100.0,-149.5,242.0,202.5,2842.66,3193.61,100.0,True,
2026-03-09T12:30:00,37,RR1.00:10-11:585:2121,2026-03-09T10:23:40,2992.16,100.0,-149.5,242.0,202.5,2842.66,3193.61,100.0,True,
2026-03-09T12:30:00,38,RR1.00:10-11:585:2121,2026-03-09T10:23:40,2992.16,100.0,-149.5,242.0,202.5,2842.66,3193.61,100.0,True,
2026-03-09T12:30:00,39,RR1.00:10-11:585:2121,2026-03-09T10:23:40,2992.16,100.0,-149.5,242.0,202.5,2842.66,3193.61,100.0,True,
2026-03-09T12:30:00,40,RR1.00:10-11:585:2121,2026-03-09T10:23:40,2992.16,100.0,-149.5,242.0,202.5,2842.66,3193.61,100.0,True,
2026-03-09T12:30:00,41,RR1.00:10-11:585:2121,2026-03-09T10:23:40,2992.16,100.0,-149.5,242.0,202.5,2842.66,3193.61,100.0,True,
2026-03-09T12:30:00,42,RR1.00:10-11:585:2121,2026-03-09T10:23:40,2992.16,100.0,-149.5,242.0,202.5,2842.66,3193.61,100.0,True,
2026-03-09T12:30:00,43,RR1.00:10-11:585:2121,2026-03-09T10:23:40,2992.16,100.0,-149.5,242.0,202.5,2842.66,3193.61,100.0,True,
2026-03-09T12:30:00,44,RR1.00:10-11:585:2121,2026-03-09T10:23:40,2992.16,100.0,-149.5,242.0,202.5,2842.66,3193.61,100.0,True,
2026-03-09T12:30:00,48,RR1.00:10-11:585:2121,2026-03-09T10:23:40,2992.16,100.0,-149.5,242.0,202.5,2842.66,3193.61,100.0,True,
2026-03-09T12:30:00,49,RR1.00:10-11:585:2121,2026-03-09T10:23:40,2992.16,100.0,-149.5,242.0,202.5,2842.66,3193.61,100.0,True,
2026-03-09T12:30:00,55,RR1.00:10-11:585:2121,2026-03-09T10:23:40,2992.16,100.0,-149.5,242.0,202.5,2842.66,3193.61,100.0,True,
2026-03-09T12:30:00,56,RR1.00:10-11:585:2121,2026-03-09T10:23:40,2992.16,100.0,-149.5,242.0,202.5,2842.66,3193.61,100.0,True,
2026-03-09T12:30:00,4,RR1.00:11-12:455:1959,2026-03-09T11:33:40,3193.61,100.0,-95.5,226.0,186.5,3098.11,3379.06,100.0,True,
2026-03-09T12:30:00,30,RR1.00:11-12:455:1959,2026-03-09T11:33:40,3193.61,100.0,-95.5,226.0,186.5,3098.11,3379.06,100.0,True,
2026-03-09T12:30:00,31,RR1.00:11-12:455:1959,2026-03-09T11:33:40,3193.61,100.0,-95.5,226.0,186.5,3098.11,3379.06,100.0,True,
2026-03-09T12:30:00,32,RR1.00:11-12:455:1959,2026-03-09T11:33:40,3193.61,100.0,-95.5,226.0,186.5,3098.11,3379.06,100.0,True,
2026-03-09T12:30:00,33,RR1.00:11-12:455:1959,2026-03-09T11:33:40,3193.61,100.0,-95.5,226.0,186.5,3098.11,3379.06,100.0,True,
2026-03-09T12:30:00,34,RR1.00:11-12:455:1959,2026-03-09T11:33:40,3193.61,100.0,-95.5,226.0,186.5,3098.11,3379.06,100.0,True,
2026-03-09T12:30:00,35,RR1.00:11-12:455:1959,2026-03-09T11:33:40,3193.61,100.0,-95.5,226.0,186.5,3098.11,3379.06,100.0,True,
2026-03-09T12:30:00,36,RR1.00:11-12:455:1959,2026-03-09T11:33:40,3193.61,100.0,-95.5,226.0,186.5,3098.11,3379.06,100.0,True,
2026-03-09T12:30:00,37,RR1.00:11-12:455:1959,2026-03-09T11:33:40,3193.61,100.0,-95.5,226.0,186.5,3098.11,3379.06,100.0,True,
2026-03-09T12:30:00,38,RR1.00:11-12:455:1959,2026-03-09T11:33:40,3193.61,100.0,-95.5,226.0,186.5,3098.11,3379.06,100.0,True,
2026-03-09T12:30:00,39,RR1.00:11-12:455:1959,2026-03-09T11:33:40,3193.61,100.0,-95.5,226.0,186.5,3098.11,3379.06,100.0,True,
2026-03-09T12:30:00,40,RR1.00:11-12:455:1959,2026-03-09T11:33:40,3193.61,100.0,-95.5,226.0,186.5,3098.11,3379.06,100.0,True,
2026-03-09T12:30:00,41,RR1.00:11-12:455:1959,2026-03-09T11:33:40,3193.61,100.0,-95.5,226.0,186.5,3098.11,3379.06,100.0,True,
2026-03-09T12:30:00,42,RR1.00:11-12:455:1959,2026-03-09T11:33:40,3193.61,100.0,-95.5,226.0,186.5,3098.11,3379.06,100.0,True,
2026-03-09T12:30:00,43,RR1.00:11-12:455:1959,2026-03-09T11:33:40,3193.61,100.0,-95.5,226.0,186.5,3098.11,3379.06,100.0,True,
2026-03-09T12:30:00,44,RR1.00:11-12:455:1959,2026-03-09T11:33:40,3193.61,100.0,-95.5,226.0,186.5,3098.11,3379.06,100.0,True,
2026-03-09T12:30:00,48,RR1.00:11-12:455:1959,2026-03-09T11:33:40,3193.61,100.0,-95.5,226.0,186.5,3098.11,3379.06,100.0,True,
2026-03-09T12:30:00,49,RR1.00:11-12:455:1959,2026-03-09T11:33:40,3193.61,100.0,-95.5,226.0,186.5,3098.11,3379.06,100.0,True,
2026-03-09T12:30:00,55,RR1.00:11-12:455:1959,2026-03-09T11:33:40,3193.61,100.0,-95.5,226.0,186.5,3098.11,3379.06,100.0,True,
2026-03-09T12:30:00,56,RR1.00:11-12:455:1959,2026-03-09T11:33:40,3193.61,100.0,-95.5,226.0,186.5,3098.11,3379.06,100.0,True,
2026-03-09T15:50:20,4,RR1.00:14-15:528:2002,2026-03-09T14:35:40,3379.06,100.0,-126.5,93.5,-126.5,3252.56,3251.51,100.0,True,
2026-03-09T15:50:20,30,RR1.00:14-15:528:2002,2026-03-09T14:35:40,3379.06,100.0,-126.5,93.5,-126.5,3252.56,3251.51,100.0,True,
2026-03-09T15:50:20,31,RR1.00:14-15:528:2002,2026-03-09T14:35:40,3379.06,100.0,-126.5,93.5,-126.5,3252.56,3251.51,100.0,True,
2026-03-09T15:50:20,32,RR1.00:14-15:528:2002,2026-03-09T14:35:40,3379.06,100.0,-126.5,93.5,-126.5,3252.56,3251.51,100.0,True,
2026-03-09T15:50:20,33,RR1.00:14-15:528:2002,2026-03-09T14:35:40,3379.06,100.0,-126.5,93.5,-126.5,3252.56,3251.51,100.0,True,
2026-03-09T15:50:20,34,RR1.00:14-15:528:2002,2026-03-09T14:35:40,3379.06,100.0,-126.5,93.5,-126.5,3252.56,3251.51,100.0,True,
2026-03-09T15:50:20,35,RR1.00:14-15:528:2002,2026-03-09T14:35:40,3379.06,100.0,-126.5,93.5,-126.5,3252.56,3251.51,100.0,True,
2026-03-09T15:50:20,36,RR1.00:14-15:528:2002,2026-03-09T14:35:40,3379.06,100.0,-126.5,93.5,-126.5,3252.56,3251.51,100.0,True,
2026-03-09T15:50:20,37,RR1.00:14-15:528:2002,2026-03-09T14:35:40,3379.06,100.0,-126.5,93.5,-126.5,3252.56,3251.51,100.0,True,
2026-03-09T15:50:20,38,RR1.00:14-15:528:2002,2026-03-09T14:35:40,3379.06,100.0,-126.5,93.5,-126.5,3252.56,3251.51,100.0,True,
2026-03-09T15:50:20,39,RR1.00:14-15:528:2002,2026-03-09T14:35:40,3379.06,100.0,-126.5,93.5,-126.5,3252.56,3251.51,100.0,True,
2026-03-09T15:50:20,40,RR1.00:14-15:528:2002,2026-03-09T14:35:40,3379.06,100.0,-126.5,93.5,-126.5,3252.56,3251.51,100.0,True,
2026-03-09T15:50:20,41,RR1.00:14-15:528:2002,2026-03-09T14:35:40,3379.06,100.0,-126.5,93.5,-126.5,3252.56,3251.51,100.0,True,
2026-03-09T15:50:20,42,RR1.00:14-15:528:2002,2026-03-09T14:35:40,3379.06,100.0,-126.5,93.5,-126.5,3252.56,3251.51,100.0,True,
2026-03-09T15:50:20,43,RR1.00:14-15:528:2002,2026-03-09T14:35:40,3379.06,100.0,-126.5,93.5,-126.5,3252.56,3251.51,100.0,True,
2026-03-09T15:50:20,44,RR1.00:14-15:528:2002,2026-03-09T14:35:40,3379.06,100.0,-126.5,93.5,-126.5,3252.56,3251.51,100.0,True,
2026-03-09T15:50:20,48,RR1.00:14-15:528:2002,2026-03-09T14:35:40,3379.06,100.0,-126.5,93.5,-126.5,3252.56,3251.51,100.0,True,
2026-03-09T15:50:20,49,RR1.00:14-15:528:2002,2026-03-09T14:35:40,3379.06,100.0,-126.5,93.5,-126.5,3252.56,3251.51,100.0,True,
2026-03-09T15:50:20,55,RR1.00:14-15:528:2002,2026-03-09T14:35:40,3379.06,100.0,-126.5,93.5,-126.5,3252.56,3251.51,100.0,True,
2026-03-09T15:50:20,56,RR1.00:14-15:528:2002,2026-03-09T14:35:40,3379.06,100.0,-126.5,93.5,-126.5,3252.56,3251.51,100.0,True,
2026-03-09T16:45:40,4,RR1.00:16-17:844:2411,2026-03-09T16:30:40,3251.51,100.0,-217.0,137.5,-217.0,3034.51,3033.46,100.0,True,
2026-03-09T16:45:40,30,RR1.00:16-17:844:2411,2026-03-09T16:30:40,3251.51,100.0,-217.0,137.5,-217.0,3034.51,3033.46,100.0,True,
2026-03-09T16:45:40,31,RR1.00:16-17:844:2411,2026-03-09T16:30:40,3251.51,100.0,-217.0,137.5,-217.0,3034.51,3033.46,100.0,True,
2026-03-09T16:45:40,32,RR1.00:16-17:844:2411,2026-03-09T16:30:40,3251.51,100.0,-217.0,137.5,-217.0,3034.51,3033.46,100.0,True,
2026-03-09T16:45:40,33,RR1.00:16-17:844:2411,2026-03-09T16:30:40,3251.51,100.0,-217.0,137.5,-217.0,3034.51,3033.46,100.0,True,
2026-03-09T16:45:40,34,RR1.00:16-17:844:2411,2026-03-09T16:30:40,3251.51,100.0,-217.0,137.5,-217.0,3034.51,3033.46,100.0,True,
2026-03-09T16:45:40,35,RR1.00:16-17:844:2411,2026-03-09T16:30:40,3251.51,100.0,-217.0,137.5,-217.0,3034.51,3033.46,100.0,True,
2026-03-09T16:45:40,36,RR1.00:16-17:844:2411,2026-03-09T16:30:40,3251.51,100.0,-217.0,137.5,-217.0,3034.51,3033.46,100.0,True,
2026-03-09T16:45:40,37,RR1.00:16-17:844:2411,2026-03-09T16:30:40,3251.51,100.0,-217.0,137.5,-217.0,3034.51,3033.46,100.0,True,
2026-03-09T16:45:40,38,RR1.00:16-17:844:2411,2026-03-09T16:30:40,3251.51,100.0,-217.0,137.5,-217.0,3034.51,3033.46,100.0,True,
2026-03-09T16:45:40,39,RR1.00:16-17:844:2411,2026-03-09T16:30:40,3251.51,100.0,-217.0,137.5,-217.0,3034.51,3033.46,100.0,True,
2026-03-09T16:45:40,40,RR1.00:16-17:844:2411,2026-03-09T16:30:40,3251.51,100.0,-217.0,137.5,-217.0,3034.51,3033.46,100.0,True,
2026-03-09T16:45:40,41,RR1.00:16-17:844:2411,2026-03-09T16:30:40,3251.51,100.0,-217.0,137.5,-217.0,3034.51,3033.46,100.0,True,
2026-03-09T16:45:40,42,RR1.00:16-17:844:2411,2026-03-09T16:30:40,3251.51,100.0,-217.0,137.5,-217.0,3034.51,3033.46,100.0,True,
2026-03-09T16:45:40,43,RR1.00:16-17:844:2411,2026-03-09T16:30:40,3251.51,100.0,-217.0,137.5,-217.0,3034.51,3033.46,100.0,True,
2026-03-09T16:45:40,44,RR1.00:16-17:844:2411,2026-03-09T16:30:40,3251.51,100.0,-217.0,137.5,-217.0,3034.51,3033.46,100.0,True,
2026-03-09T16:45:40,48,RR1.00:16-17:844:2411,2026-03-09T16:30:40,3251.51,100.0,-217.0,137.5,-217.0,3034.51,3033.46,100.0,True,
2026-03-09T16:45:40,49,RR1.00:16-17:844:2411,2026-03-09T16:30:40,3251.51,100.0,-217.0,137.5,-217.0,3034.51,3033.46,100.0,True,
2026-03-09T16:45:40,55,RR1.00:16-17:844:2411,2026-03-09T16:30:40,3251.51,100.0,-217.0,137.5,-217.0,3034.51,3033.46,100.0,True,
2026-03-09T16:45:40,56,RR1.00:16-17:844:2411,2026-03-09T16:30:40,3251.51,100.0,-217.0,137.5,-217.0,3034.51,3033.46,100.0,True,
2026-03-09T20:38:40,4,RR1.00:19-20:479:1951,2026-03-09T19:03:40,3033.46,100.0,-132.0,183.0,-132.0,2901.46,2900.41,100.0,True,
2026-03-09T20:38:40,30,RR1.00:19-20:479:1951,2026-03-09T19:03:40,3033.46,100.0,-132.0,183.0,-132.0,2901.46,2900.41,100.0,True,
2026-03-09T20:38:40,31,RR1.00:19-20:479:1951,2026-03-09T19:03:40,3033.46,100.0,-132.0,183.0,-132.0,2901.46,2900.41,100.0,True,
2026-03-09T20:38:40,32,RR1.00:19-20:479:1951,2026-03-09T19:03:40,3033.46,100.0,-132.0,183.0,-132.0,2901.46,2900.41,100.0,True,
2026-03-09T20:38:40,33,RR1.00:19-20:479:1951,2026-03-09T19:03:40,3033.46,100.0,-132.0,183.0,-132.0,2901.46,2900.41,100.0,True,
2026-03-09T20:38:40,34,RR1.00:19-20:479:1951,2026-03-09T19:03:40,3033.46,100.0,-132.0,183.0,-132.0,2901.46,2900.41,100.0,True,
2026-03-09T20:38:40,35,RR1.00:19-20:479:1951,2026-03-09T19:03:40,3033.46,100.0,-132.0,183.0,-132.0,2901.46,2900.41,100.0,True,
2026-03-09T20:38:40,36,RR1.00:19-20:479:1951,2026-03-09T19:03:40,3033.46,100.0,-132.0,183.0,-132.0,2901.46,2900.41,100.0,True,
2026-03-09T20:38:40,37,RR1.00:19-20:479:1951,2026-03-09T19:03:40,3033.46,100.0,-132.0,183.0,-132.0,2901.46,2900.41,100.0,True,
2026-03-09T20:38:40,38,RR1.00:19-20:479:1951,2026-03-09T19:03:40,3033.46,100.0,-132.0,183.0,-132.0,2901.46,2900.41,100.0,True,
2026-03-09T20:38:40,39,RR1.00:19-20:479:1951,2026-03-09T19:03:40,3033.46,100.0,-132.0,183.0,-132.0,2901.46,2900.41,100.0,True,
2026-03-09T20:38:40,40,RR1.00:19-20:479:1951,2026-03-09T19:03:40,3033.46,100.0,-132.0,183.0,-132.0,2901.46,2900.41,100.0,True,
2026-03-09T20:38:40,41,RR1.00:19-20:479:1951,2026-03-09T19:03:40,3033.46,100.0,-132.0,183.0,-132.0,2901.46,2900.41,100.0,True,
2026-03-09T20:38:40,42,RR1.00:19-20:479:1951,2026-03-09T19:03:40,3033.46,100.0,-132.0,183.0,-132.0,2901.46,2900.41,100.0,True,
2026-03-09T20:38:40,43,RR1.00:19-20:479:1951,2026-03-09T19:03:40,3033.46,100.0,-132.0,183.0,-132.0,2901.46,2900.41,100.0,True,
2026-03-09T20:38:40,44,RR1.00:19-20:479:1951,2026-03-09T19:03:40,3033.46,100.0,-132.0,183.0,-132.0,2901.46,2900.41,100.0,True,
2026-03-09T20:38:40,48,RR1.00:19-20:479:1951,2026-03-09T19:03:40,3033.46,100.0,-132.0,183.0,-132.0,2901.46,2900.41,100.0,True,
2026-03-09T20:38:40,49,RR1.00:19-20:479:1951,2026-03-09T19:03:40,3033.46,100.0,-132.0,183.0,-132.0,2901.46,2900.41,100.0,True,
2026-03-09T20:38:40,55,RR1.00:19-20:479:1951,2026-03-09T19:03:40,3033.46,100.0,-132.0,183.0,-132.0,2901.46,2900.41,100.0,True,
2026-03-09T20:38:40,56,RR1.00:19-20:479:1951,2026-03-09T19:03:40,3033.46,100.0,-132.0,183.0,-132.0,2901.46,2900.41,100.0,True,
2026-03-09T22:30:00,4,RR1.00:17-18:368:1871,2026-03-09T17:44:40,2900.41,100.0,7.5,868.0,855.0,2900.41,3754.36,100.0,True,
2026-03-09T22:30:00,30,RR1.00:17-18:368:1871,2026-03-09T17:44:40,2900.41,100.0,7.5,868.0,855.0,2900.41,3754.36,100.0,True,
2026-03-09T22:30:00,31,RR1.00:17-18:368:1871,2026-03-09T17:44:40,2900.41,100.0,7.5,868.0,855.0,2900.41,3754.36,100.0,True,
2026-03-09T22:30:00,32,RR1.00:17-18:368:1871,2026-03-09T17:44:40,2900.41,100.0,7.5,868.0,855.0,2900.41,3754.36,100.0,True,
2026-03-09T22:30:00,33,RR1.00:17-18:368:1871,2026-03-09T17:44:40,2900.41,100.0,7.5,868.0,855.0,2900.41,3754.36,100.0,True,
2026-03-09T22:30:00,34,RR1.00:17-18:368:1871,2026-03-09T17:44:40,2900.41,100.0,7.5,868.0,855.0,2900.41,3754.36,100.0,True,
2026-03-09T22:30:00,35,RR1.00:17-18:368:1871,2026-03-09T17:44:40,2900.41,100.0,7.5,868.0,855.0,2900.41,3754.36,100.0,True,
2026-03-09T22:30:00,36,RR1.00:17-18:368:1871,2026-03-09T17:44:40,2900.41,100.0,7.5,868.0,855.0,2900.41,3754.36,100.0,True,
2026-03-09T22:30:00,37,RR1.00:17-18:368:1871,2026-03-09T17:44:40,2900.41,100.0,7.5,868.0,855.0,2900.41,3754.36,100.0,True,
2026-03-09T22:30:00,38,RR1.00:17-18:368:1871,2026-03-09T17:44:40,2900.41,100.0,7.5,868.0,855.0,2900.41,3754.36,100.0,True,
2026-03-09T22:30:00,39,RR1.00:17-18:368:1871,2026-03-09T17:44:40,2900.41,100.0,7.5,868.0,855.0,2900.41,3754.36,100.0,True,
2026-03-09T22:30:00,40,RR1.00:17-18:368:1871,2026-03-09T17:44:40,2900.41,100.0,7.5,868.0,855.0,2900.41,3754.36,100.0,True,
2026-03-09T22:30:00,41,RR1.00:17-18:368:1871,2026-03-09T17:44:40,2900.41,100.0,7.5,868.0,855.0,2900.41,3754.36,100.0,True,
2026-03-09T22:30:00,42,RR1.00:17-18:368:1871,2026-03-09T17:44:40,2900.41,100.0,7.5,868.0,855.0,2900.41,3754.36,100.0,True,
2026-03-09T22:30:00,43,RR1.00:17-18:368:1871,2026-03-09T17:44:40,2900.41,100.0,7.5,868.0,855.0,2900.41,3754.36,100.0,True,
2026-03-09T22:30:00,44,RR1.00:17-18:368:1871,2026-03-09T17:44:40,2900.41,100.0,7.5,868.0,855.0,2900.41,3754.36,100.0,True,
2026-03-09T22:30:00,48,RR1.00:17-18:368:1871,2026-03-09T17:44:40,2900.41,100.0,7.5,868.0,855.0,2900.41,3754.36,100.0,True,
2026-03-09T22:30:00,49,RR1.00:17-18:368:1871,2026-03-09T17:44:40,2900.41,100.0,7.5,868.0,855.0,2900.41,3754.36,100.0,True,
2026-03-09T22:30:00,55,RR1.00:17-18:368:1871,2026-03-09T17:44:40,2900.41,100.0,7.5,868.0,855.0,2900.41,3754.36,100.0,True,
2026-03-09T22:30:00,56,RR1.00:17-18:368:1871,2026-03-09T17:44:40,2900.41,100.0,7.5,868.0,855.0,2900.41,3754.36,100.0,True,
2026-03-09T22:30:00,4,RR1.00:21-22:534:1980,2026-03-09T21:00:40,3754.36,100.0,-36.5,658.5,645.5,3717.86,4398.81,100.0,True,
2026-03-09T22:30:00,30,RR1.00:21-22:534:1980,2026-03-09T21:00:40,3754.36,100.0,-36.5,658.5,645.5,3717.86,4398.81,100.0,True,
2026-03-09T22:30:00,31,RR1.00:21-22:534:1980,2026-03-09T21:00:40,3754.36,100.0,-36.5,658.5,645.5,3717.86,4398.81,100.0,True,
2026-03-09T22:30:00,32,RR1.00:21-22:534:1980,2026-03-09T21:00:40,3754.36,100.0,-36.5,658.5,645.5,3717.86,4398.81,100.0,True,
2026-03-09T22:30:00,33,RR1.00:21-22:534:1980,2026-03-09T21:00:40,3754.36,100.0,-36.5,658.5,645.5,3717.86,4398.81,100.0,True,
2026-03-09T22:30:00,34,RR1.00:21-22:534:1980,2026-03-09T21:00:40,3754.36,100.0,-36.5,658.5,645.5,3717.86,4398.81,100.0,True,
2026-03-09T22:30:00,35,RR1.00:21-22:534:1980,2026-03-09T21:00:40,3754.36,100.0,-36.5,658.5,645.5,3717.86,4398.81,100.0,True,
2026-03-09T22:30:00,36,RR1.00:21-22:534:1980,2026-03-09T21:00:40,3754.36,100.0,-36.5,658.5,645.5,3717.86,4398.81,100.0,True,
2026-03-09T22:30:00,37,RR1.00:21-22:534:1980,2026-03-09T21:00:40,3754.36,100.0,-36.5,658.5,645.5,3717.86,4398.81,100.0,True,
2026-03-09T22:30:00,38,RR1.00:21-22:534:1980,2026-03-09T21:00:40,3754.36,100.0,-36.5,658.5,645.5,3717.86,4398.81,100.0,True,
2026-03-09T22:30:00,39,RR1.00:21-22:534:1980,2026-03-09T21:00:40,3754.36,100.0,-36.5,658.5,645.5,3717.86,4398.81,100.0,True,
2026-03-09T22:30:00,40,RR1.00:21-22:534:1980,2026-03-09T21:00:40,3754.36,100.0,-36.5,658.5,645.5,3717.86,4398.81,100.0,True,
2026-03-09T22:30:00,41,RR1.00:21-22:534:1980,2026-03-09T21:00:40,3754.36,100.0,-36.5,658.5,645.5,3717.86,4398.81,100.0,True,
2026-03-09T22:30:00,42,RR1.00:21-22:534:1980,2026-03-09T21:00:40,3754.36,100.0,-36.5,658.5,645.5,3717.86,4398.81,100.0,True,
2026-03-09T22:30:00,43,RR1.00:21-22:534:1980,2026-03-09T21:00:40,3754.36,100.0,-36.5,658.5,645.5,3717.86,4398.81,100.0,True,
2026-03-09T22:30:00,44,RR1.00:21-22:534:1980,2026-03-09T21:00:40,3754.36,100.0,-36.5,658.5,645.5,3717.86,4398.81,100.0,True,
2026-03-09T22:30:00,48,RR1.00:21-22:534:1980,2026-03-09T21:00:40,3754.36,100.0,-36.5,658.5,645.5,3717.86,4398.81,100.0,True,
2026-03-09T22:30:00,49,RR1.00:21-22:534:1980,2026-03-09T21:00:40,3754.36,100.0,-36.5,658.5,645.5,3717.86,4398.81,100.0,True,
2026-03-09T22:30:00,55,RR1.00:21-22:534:1980,2026-03-09T21:00:40,3754.36,100.0,-36.5,658.5,645.5,3717.86,4398.81,100.0,True,
2026-03-09T22:30:00,56,RR1.00:21-22:534:1980,2026-03-09T21:00:40,3754.36,100.0,-36.5,658.5,645.5,3717.86,4398.81,100.0,True,
2026-03-10T05:00:00,4,RR1.00:3-4:552:2065,2026-03-10T03:29:40,4398.81,100.0,-50.5,159.0,136.5,4348.31,4534.26,100.0,True,
2026-03-10T05:00:00,30,RR1.00:3-4:552:2065,2026-03-10T03:29:40,4398.81,100.0,-50.5,159.0,136.5,4348.31,4534.26,100.0,True,
2026-03-10T05:00:00,31,RR1.00:3-4:552:2065,2026-03-10T03:29:40,4398.81,100.0,-50.5,159.0,136.5,4348.31,4534.26,100.0,True,
2026-03-10T05:00:00,32,RR1.00:3-4:552:2065,2026-03-10T03:29:40,4398.81,100.0,-50.5,159.0,136.5,4348.31,4534.26,100.0,True,
2026-03-10T05:00:00,33,RR1.00:3-4:552:2065,2026-03-10T03:29:40,4398.81,100.0,-50.5,159.0,136.5,4348.31,4534.26,100.0,True,
2026-03-10T05:00:00,34,RR1.00:3-4:552:2065,2026-03-10T03:29:40,4398.81,100.0,-50.5,159.0,136.5,4348.31,4534.26,100.0,True,
2026-03-10T05:00:00,35,RR1.00:3-4:552:2065,2026-03-10T03:29:40,4398.81,100.0,-50.5,159.0,136.5,4348.31,4534.26,100.0,True,
2026-03-10T05:00:00,36,RR1.00:3-4:552:2065,2026-03-10T03:29:40,4398.81,100.0,-50.5,159.0,136.5,4348.31,4534.26,100.0,True,
2026-03-10T05:00:00,37,RR1.00:3-4:552:2065,2026-03-10T03:29:40,4398.81,100.0,-50.5,159.0,136.5,4348.31,4534.26,100.0,True,
2026-03-10T05:00:00,38,RR1.00:3-4:552:2065,2026-03-10T03:29:40,4398.81,100.0,-50.5,159.0,136.5,4348.31,4534.26,100.0,True,
2026-03-10T05:00:00,39,RR1.00:3-4:552:2065,2026-03-10T03:29:40,4398.81,100.0,-50.5,159.0,136.5,4348.31,4534.26,100.0,True,
2026-03-10T05:00:00,40,RR1.00:3-4:552:2065,2026-03-10T03:29:40,4398.81,100.0,-50.5,159.0,136.5,4348.31,4534.26,100.0,True,
2026-03-10T05:00:00,41,RR1.00:3-4:552:2065,2026-03-10T03:29:40,4398.81,100.0,-50.5,159.0,136.5,4348.31,4534.26,100.0,True,
2026-03-10T05:00:00,42,RR1.00:3-4:552:2065,2026-03-10T03:29:40,4398.81,100.0,-50.5,159.0,136.5,4348.31,4534.26,100.0,True,
2026-03-10T05:00:00,43,RR1.00:3-4:552:2065,2026-03-10T03:29:40,4398.81,100.0,-50.5,159.0,136.5,4348.31,4534.26,100.0,True,
2026-03-10T05:00:00,44,RR1.00:3-4:552:2065,2026-03-10T03:29:40,4398.81,100.0,-50.5,159.0,136.5,4348.31,4534.26,100.0,True,
2026-03-10T05:00:00,48,RR1.00:3-4:552:2065,2026-03-10T03:29:40,4398.81,100.0,-50.5,159.0,136.5,4348.31,4534.26,100.0,True,
2026-03-10T05:00:00,49,RR1.00:3-4:552:2065,2026-03-10T03:29:40,4398.81,100.0,-50.5,159.0,136.5,4348.31,4534.26,100.0,True,
2026-03-10T05:00:00,55,RR1.00:3-4:552:2065,2026-03-10T03:29:40,4398.81,100.0,-50.5,159.0,136.5,4348.31,4534.26,100.0,True,
2026-03-10T05:00:00,56,RR1.00:3-4:552:2065,2026-03-10T03:29:40,4398.81,100.0,-50.5,159.0,136.5,4348.31,4534.26,100.0,True,
2026-03-10T09:00:00,4,RR1.00:7-8:596:2154,2026-03-10T07:38:40,4534.26,100.0,-48.5,113.0,102.0,4485.76,4635.21,100.0,True,
2026-03-10T09:00:00,30,RR1.00:7-8:596:2154,2026-03-10T07:38:40,4534.26,100.0,-48.5,113.0,102.0,4485.76,4635.21,100.0,True,
2026-03-10T09:00:00,31,RR1.00:7-8:596:2154,2026-03-10T07:38:40,4534.26,100.0,-48.5,113.0,102.0,4485.76,4635.21,100.0,True,
2026-03-10T09:00:00,32,RR1.00:7-8:596:2154,2026-03-10T07:38:40,4534.26,100.0,-48.5,113.0,102.0,4485.76,4635.21,100.0,True,
2026-03-10T09:00:00,33,RR1.00:7-8:596:2154,2026-03-10T07:38:40,4534.26,100.0,-48.5,113.0,102.0,4485.76,4635.21,100.0,True,
2026-03-10T09:00:00,34,RR1.00:7-8:596:2154,2026-03-10T07:38:40,4534.26,100.0,-48.5,113.0,102.0,4485.76,4635.21,100.0,True,
2026-03-10T09:00:00,35,RR1.00:7-8:596:2154,2026-03-10T07:38:40,4534.26,100.0,-48.5,113.0,102.0,4485.76,4635.21,100.0,True,
2026-03-10T09:00:00,36,RR1.00:7-8:596:2154,2026-03-10T07:38:40,4534.26,100.0,-48.5,113.0,102.0,4485.76,4635.21,100.0,True,
2026-03-10T09:00:00,37,RR1.00:7-8:596:2154,2026-03-10T07:38:40,4534.26,100.0,-48.5,113.0,102.0,4485.76,4635.21,100.0,True,
2026-03-10T09:00:00,38,RR1.00:7-8:596:2154,2026-03-10T07:38:40,4534.26,100.0,-48.5,113.0,102.0,4485.76,4635.21,100.0,True,
2026-03-10T09:00:00,39,RR1.00:7-8:596:2154,2026-03-10T07:38:40,4534.26,100.0,-48.5,113.0,102.0,4485.76,4635.21,100.0,True,
2026-03-10T09:00:00,40,RR1.00:7-8:596:2154,2026-03-10T07:38:40,4534.26,100.0,-48.5,113.0,102.0,4485.76,4635.21,100.0,True,
2026-03-10T09:00:00,41,RR1.00:7-8:596:2154,2026-03-10T07:38:40,4534.26,100.0,-48.5,113.0,102.0,4485.76,4635.21,100.0,True,
2026-03-10T09:00:00,42,RR1.00:7-8:596:2154,2026-03-10T07:38:40,4534.26,100.0,-48.5,113.0,102.0,4485.76,4635.21,100.0,True,
2026-03-10T09:00:00,43,RR1.00:7-8:596:2154,2026-03-10T07:38:40,4534.26,100.0,-48.5,113.0,102.0,4485.76,4635.21,100.0,True,
2026-03-10T09:00:00,44,RR1.00:7-8:596:2154,2026-03-10T07:38:40,4534.26,100.0,-48.5,113.0,102.0,4485.76,4635.21,100.0,True,
2026-03-10T09:00:00,48,RR1.00:7-8:596:2154,2026-03-10T07:38:40,4534.26,100.0,-48.5,113.0,102.0,4485.76,4635.21,100.0,True,
2026-03-10T09:00:00,49,RR1.00:7-8:596:2154,2026-03-10T07:38:40,4534.26,100.0,-48.5,113.0,102.0,4485.76,4635.21,100.0,True,
2026-03-10T09:00:00,55,RR1.00:7-8:596:2154,2026-03-10T07:38:40,4534.26,100.0,-48.5,113.0,102.0,4485.76,4635.21,100.0,True,
2026-03-10T09:00:00,56,RR1.00:7-8:596:2154,2026-03-10T07:38:40,4534.26,100.0,-48.5,113.0,102.0,4485.76,4635.21,100.0,True,
2026-03-10T10:30:00,4,RR1.00:10-11:586:2123,2026-03-10T10:04:40,4635.21,100.0,-4.0,165.0,152.0,4631.21,4786.16,100.0,True,
2026-03-10T10:30:00,30,RR1.00:10-11:586:2123,2026-03-10T10:04:40,4635.21,100.0,-4.0,165.0,152.0,4631.21,4786.16,100.0,True,
2026-03-10T10:30:00,31,RR1.00:10-11:586:2123,2026-03-10T10:04:40,4635.21,100.0,-4.0,165.0,152.0,4631.21,4786.16,100.0,True,
2026-03-10T10:30:00,32,RR1.00:10-11:586:2123,2026-03-10T10:04:40,4635.21,100.0,-4.0,165.0,152.0,4631.21,4786.16,100.0,True,
2026-03-10T10:30:00,33,RR1.00:10-11:586:2123,2026-03-10T10:04:40,4635.21,100.0,-4.0,165.0,152.0,4631.21,4786.16,100.0,True,
2026-03-10T10:30:00,34,RR1.00:10-11:586:2123,2026-03-10T10:04:40,4635.21,100.0,-4.0,165.0,152.0,4631.21,4786.16,100.0,True,
2026-03-10T10:30:00,35,RR1.00:10-11:586:2123,2026-03-10T10:04:40,4635.21,100.0,-4.0,165.0,152.0,4631.21,4786.16,100.0,True,
2026-03-10T10:30:00,36,RR1.00:10-11:586:2123,2026-03-10T10:04:40,4635.21,100.0,-4.0,165.0,152.0,4631.21,4786.16,100.0,True,
2026-03-10T10:30:00,37,RR1.00:10-11:586:2123,2026-03-10T10:04:40,4635.21,100.0,-4.0,165.0,152.0,4631.21,4786.16,100.0,True,
2026-03-10T10:30:00,38,RR1.00:10-11:586:2123,2026-03-10T10:04:40,4635.21,100.0,-4.0,165.0,152.0,4631.21,4786.16,100.0,True,
2026-03-10T10:30:00,39,RR1.00:10-11:586:2123,2026-03-10T10:04:40,4635.21,100.0,-4.0,165.0,152.0,4631.21,4786.16,100.0,True,
2026-03-10T10:30:00,40,RR1.00:10-11:586:2123,2026-03-10T10:04:40,4635.21,100.0,-4.0,165.0,152.0,4631.21,4786.16,100.0,True,
2026-03-10T10:30:00,41,RR1.00:10-11:586:2123,2026-03-10T10:04:40,4635.21,100.0,-4.0,165.0,152.0,4631.21,4786.16,100.0,True,
2026-03-10T10:30:00,42,RR1.00:10-11:586:2123,2026-03-10T10:04:40,4635.21,100.0,-4.0,165.0,152.0,4631.21,4786.16,100.0,True,
2026-03-10T10:30:00,43,RR1.00:10-11:586:2123,2026-03-10T10:04:40,4635.21,100.0,-4.0,165.0,152.0,4631.21,4786.16,100.0,True,
2026-03-10T10:30:00,44,RR1.00:10-11:586:2123,2026-03-10T10:04:40,4635.21,100.0,-4.0,165.0,152.0,4631.21,4786.16,100.0,True,
2026-03-10T10:30:00,48,RR1.00:10-11:586:2123,2026-03-10T10:04:40,4635.21,100.0,-4.0,165.0,152.0,4631.21,4786.16,100.0,True,
2026-03-10T10:30:00,49,RR1.00:10-11:586:2123,2026-03-10T10:04:40,4635.21,100.0,-4.0,165.0,152.0,4631.21,4786.16,100.0,True,
2026-03-10T10:30:00,55,RR1.00:10-11:586:2123,2026-03-10T10:04:40,4635.21,100.0,-4.0,165.0,152.0,4631.21,4786.16,100.0,True,
2026-03-10T10:30:00,56,RR1.00:10-11:586:2123,2026-03-10T10:04:40,4635.21,100.0,-4.0,165.0,152.0,4631.21,4786.16,100.0,True,
2026-03-10T14:13:20,4,RR1.00:14-15:529:2004,2026-03-10T14:04:40,4786.16,100.0,-144.0,31.5,-144.0,4642.16,4641.11,100.0,True,
2026-03-10T14:13:20,30,RR1.00:14-15:529:2004,2026-03-10T14:04:40,4786.16,100.0,-144.0,31.5,-144.0,4642.16,4641.11,100.0,True,
2026-03-10T14:13:20,31,RR1.00:14-15:529:2004,2026-03-10T14:04:40,4786.16,100.0,-144.0,31.5,-144.0,4642.16,4641.11,100.0,True,
2026-03-10T14:13:20,32,RR1.00:14-15:529:2004,2026-03-10T14:04:40,4786.16,100.0,-144.0,31.5,-144.0,4642.16,4641.11,100.0,True,
2026-03-10T14:13:20,33,RR1.00:14-15:529:2004,2026-03-10T14:04:40,4786.16,100.0,-144.0,31.5,-144.0,4642.16,4641.11,100.0,True,
2026-03-10T14:13:20,34,RR1.00:14-15:529:2004,2026-03-10T14:04:40,4786.16,100.0,-144.0,31.5,-144.0,4642.16,4641.11,100.0,True,
2026-03-10T14:13:20,35,RR1.00:14-15:529:2004,2026-03-10T14:04:40,4786.16,100.0,-144.0,31.5,-144.0,4642.16,4641.11,100.0,True,
2026-03-10T14:13:20,36,RR1.00:14-15:529:2004,2026-03-10T14:04:40,4786.16,100.0,-144.0,31.5,-144.0,4642.16,4641.11,100.0,True,
2026-03-10T14:13:20,37,RR1.00:14-15:529:2004,2026-03-10T14:04:40,4786.16,100.0,-144.0,31.5,-144.0,4642.16,4641.11,100.0,True,
2026-03-10T14:13:20,38,RR1.00:14-15:529:2004,2026-03-10T14:04:40,4786.16,100.0,-144.0,31.5,-144.0,4642.16,4641.11,100.0,True,
2026-03-10T14:13:20,39,RR1.00:14-15:529:2004,2026-03-10T14:04:40,4786.16,100.0,-144.0,31.5,-144.0,4642.16,4641.11,100.0,True,
2026-03-10T14:13:20,40,RR1.00:14-15:529:2004,2026-03-10T14:04:40,4786.16,100.0,-144.0,31.5,-144.0,4642.16,4641.11,100.0,True,
2026-03-10T14:13:20,41,RR1.00:14-15:529:2004,2026-03-10T14:04:40,4786.16,100.0,-144.0,31.5,-144.0,4642.16,4641.11,100.0,True,
2026-03-10T14:13:20,42,RR1.00:14-15:529:2004,2026-03-10T14:04:40,4786.16,100.0,-144.0,31.5,-144.0,4642.16,4641.11,100.0,True,
2026-03-10T14:13:20,43,RR1.00:14-15:529:2004,2026-03-10T14:04:40,4786.16,100.0,-144.0,31.5,-144.0,4642.16,4641.11,100.0,True,
2026-03-10T14:13:20,44,RR1.00:14-15:529:2004,2026-03-10T14:04:40,4786.16,100.0,-144.0,31.5,-144.0,4642.16,4641.11,100.0,True,
2026-03-10T14:13:20,48,RR1.00:14-15:529:2004,2026-03-10T14:04:40,4786.16,100.0,-144.0,31.5,-144.0,4642.16,4641.11,100.0,True,
2026-03-10T14:13:20,49,RR1.00:14-15:529:2004,2026-03-10T14:04:40,4786.16,100.0,-144.0,31.5,-144.0,4642.16,4641.11,100.0,True,
2026-03-10T14:13:20,55,RR1.00:14-15:529:2004,2026-03-10T14:04:40,4786.16,100.0,-144.0,31.5,-144.0,4642.16,4641.11,100.0,True,
2026-03-10T14:13:20,56,RR1.00:14-15:529:2004,2026-03-10T14:04:40,4786.16,100.0,-144.0,31.5,-144.0,4642.16,4641.11,100.0,True,
2026-03-10T17:09:40,4,RR1.00:15-16:680:2228,2026-03-10T15:46:40,4641.11,100.0,-150.5,210.0,-150.5,4490.61,4489.56,100.0,True,
2026-03-10T17:09:40,30,RR1.00:15-16:680:2228,2026-03-10T15:46:40,4641.11,100.0,-150.5,210.0,-150.5,4490.61,4489.56,100.0,True,
2026-03-10T17:09:40,31,RR1.00:15-16:680:2228,2026-03-10T15:46:40,4641.11,100.0,-150.5,210.0,-150.5,4490.61,4489.56,100.0,True,
2026-03-10T17:09:40,32,RR1.00:15-16:680:2228,2026-03-10T15:46:40,4641.11,100.0,-150.5,210.0,-150.5,4490.61,4489.56,100.0,True,
2026-03-10T17:09:40,33,RR1.00:15-16:680:2228,2026-03-10T15:46:40,4641.11,100.0,-150.5,210.0,-150.5,4490.61,4489.56,100.0,True,
2026-03-10T17:09:40,34,RR1.00:15-16:680:2228,2026-03-10T15:46:40,4641.11,100.0,-150.5,210.0,-150.5,4490.61,4489.56,100.0,True,
2026-03-10T17:09:40,35,RR1.00:15-16:680:2228,2026-03-10T15:46:40,4641.11,100.0,-150.5,210.0,-150.5,4490.61,4489.56,100.0,True,
2026-03-10T17:09:40,36,RR1.00:15-16:680:2228,2026-03-10T15:46:40,4641.11,100.0,-150.5,210.0,-150.5,4490.61,4489.56,100.0,True,
2026-03-10T17:09:40,37,RR1.00:15-16:680:2228,2026-03-10T15:46:40,4641.11,100.0,-150.5,210.0,-150.5,4490.61,4489.56,100.0,True,
2026-03-10T17:09:40,38,RR1.00:15-16:680:2228,2026-03-10T15:46:40,4641.11,100.0,-150.5,210.0,-150.5,4490.61,4489.56,100.0,True,
2026-03-10T17:09:40,39,RR1.00:15-16:680:2228,2026-03-10T15:46:40,4641.11,100.0,-150.5,210.0,-150.5,4490.61,4489.56,100.0,True,
2026-03-10T17:09:40,40,RR1.00:15-16:680:2228,2026-03-10T15:46:40,4641.11,100.0,-150.5,210.0,-150.5,4490.61,4489.56,100.0,True,
2026-03-10T17:09:40,41,RR1.00:15-16:680:2228,2026-03-10T15:46:40,4641.11,100.0,-150.5,210.0,-150.5,4490.61,4489.56,100.0,True,
2026-03-10T17:09:40,42,RR1.00:15-16:680:2228,2026-03-10T15:46:40,4641.11,100.0,-150.5,210.0,-150.5,4490.61,4489.56,100.0,True,
2026-03-10T17:09:40,43,RR1.00:15-16:680:2228,2026-03-10T15:46:40,4641.11,100.0,-150.5,210.0,-150.5,4490.61,4489.56,100.0,True,
2026-03-10T17:09:40,44,RR1.00:15-16:680:2228,2026-03-10T15:46:40,4641.11,100.0,-150.5,210.0,-150.5,4490.61,4489.56,100.0,True,
2026-03-10T17:09:40,48,RR1.00:15-16:680:2228,2026-03-10T15:46:40,4641.11,100.0,-150.5,210.0,-150.5,4490.61,4489.56,100.0,True,
2026-03-10T17:09:40,49,RR1.00:15-16:680:2228,2026-03-10T15:46:40,4641.11,100.0,-150.5,210.0,-150.5,4490.61,4489.56,100.0,True,
2026-03-10T17:09:40,55,RR1.00:15-16:680:2228,2026-03-10T15:46:40,4641.11,100.0,-150.5,210.0,-150.5,4490.61,4489.56,100.0,True,
2026-03-10T17:09:40,56,RR1.00:15-16:680:2228,2026-03-10T15:46:40,4641.11,100.0,-150.5,210.0,-150.5,4490.61,4489.56,100.0,True,
2026-03-10T21:14:40,4,RR1.00:19-20:480:1953,2026-03-10T19:36:40,4489.56,100.0,-163.0,112.5,-163.0,4326.56,4325.51,100.0,True,
2026-03-10T21:14:40,30,RR1.00:19-20:480:1953,2026-03-10T19:36:40,4489.56,100.0,-163.0,112.5,-163.0,4326.56,4325.51,100.0,True,
2026-03-10T21:14:40,31,RR1.00:19-20:480:1953,2026-03-10T19:36:40,4489.56,100.0,-163.0,112.5,-163.0,4326.56,4325.51,100.0,True,
2026-03-10T21:14:40,32,RR1.00:19-20:480:1953,2026-03-10T19:36:40,4489.56,100.0,-163.0,112.5,-163.0,4326.56,4325.51,100.0,True,
2026-03-10T21:14:40,33,RR1.00:19-20:480:1953,2026-03-10T19:36:40,4489.56,100.0,-163.0,112.5,-163.0,4326.56,4325.51,100.0,True,
2026-03-10T21:14:40,34,RR1.00:19-20:480:1953,2026-03-10T19:36:40,4489.56,100.0,-163.0,112.5,-163.0,4326.56,4325.51,100.0,True,
2026-03-10T21:14:40,35,RR1.00:19-20:480:1953,2026-03-10T19:36:40,4489.56,100.0,-163.0,112.5,-163.0,4326.56,4325.51,100.0,True,
2026-03-10T21:14:40,36,RR1.00:19-20:480:1953,2026-03-10T19:36:40,4489.56,100.0,-163.0,112.5,-163.0,4326.56,4325.51,100.0,True,
2026-03-10T21:14:40,37,RR1.00:19-20:480:1953,2026-03-10T19:36:40,4489.56,100.0,-163.0,112.5,-163.0,4326.56,4325.51,100.0,True,
2026-03-10T21:14:40,38,RR1.00:19-20:480:1953,2026-03-10T19:36:40,4489.56,100.0,-163.0,112.5,-163.0,4326.56,4325.51,100.0,True,
2026-03-10T21:14:40,39,RR1.00:19-20:480:1953,2026-03-10T19:36:40,4489.56,100.0,-163.0,112.5,-163.0,4326.56,4325.51,100.0,True,
2026-03-10T21:14:40,40,RR1.00:19-20:480:1953,2026-03-10T19:36:40,4489.56,100.0,-163.0,112.5,-163.0,4326.56,4325.51,100.0,True,
2026-03-10T21:14:40,41,RR1.00:19-20:480:1953,2026-03-10T19:36:40,4489.56,100.0,-163.0,112.5,-163.0,4326.56,4325.51,100.0,True,
2026-03-10T21:14:40,42,RR1.00:19-20:480:1953,2026-03-10T19:36:40,4489.56,100.0,-163.0,112.5,-163.0,4326.56,4325.51,100.0,True,
2026-03-10T21:14:40,43,RR1.00:19-20:480:1953,2026-03-10T19:36:40,4489.56,100.0,-163.0,112.5,-163.0,4326.56,4325.51,100.0,True,
2026-03-10T21:14:40,44,RR1.00:19-20:480:1953,2026-03-10T19:36:40,4489.56,100.0,-163.0,112.5,-163.0,4326.56,4325.51,100.0,True,
2026-03-10T21:14:40,48,RR1.00:19-20:480:1953,2026-03-10T19:36:40,4489.56,100.0,-163.0,112.5,-163.0,4326.56,4325.51,100.0,True,
2026-03-10T21:14:40,49,RR1.00:19-20:480:1953,2026-03-10T19:36:40,4489.56,100.0,-163.0,112.5,-163.0,4326.56,4325.51,100.0,True,
2026-03-10T21:14:40,55,RR1.00:19-20:480:1953,2026-03-10T19:36:40,4489.56,100.0,-163.0,112.5,-163.0,4326.56,4325.51,100.0,True,
2026-03-10T21:14:40,56,RR1.00:19-20:480:1953,2026-03-10T19:36:40,4489.56,100.0,-163.0,112.5,-163.0,4326.56,4325.51,100.0,True,
2026-03-10T22:50:40,4,RR1.00:17-18:369:1873,2026-03-10T17:39:40,4325.51,100.0,-271.0,273.5,-271.0,4054.51,4053.46,100.0,True,
2026-03-10T22:50:40,30,RR1.00:17-18:369:1873,2026-03-10T17:39:40,4325.51,100.0,-271.0,273.5,-271.0,4054.51,4053.46,100.0,True,
2026-03-10T22:50:40,31,RR1.00:17-18:369:1873,2026-03-10T17:39:40,4325.51,100.0,-271.0,273.5,-271.0,4054.51,4053.46,100.0,True,
2026-03-10T22:50:40,32,RR1.00:17-18:369:1873,2026-03-10T17:39:40,4325.51,100.0,-271.0,273.5,-271.0,4054.51,4053.46,100.0,True,
2026-03-10T22:50:40,33,RR1.00:17-18:369:1873,2026-03-10T17:39:40,4325.51,100.0,-271.0,273.5,-271.0,4054.51,4053.46,100.0,True,
2026-03-10T22:50:40,34,RR1.00:17-18:369:1873,2026-03-10T17:39:40,4325.51,100.0,-271.0,273.5,-271.0,4054.51,4053.46,100.0,True,
2026-03-10T22:50:40,35,RR1.00:17-18:369:1873,2026-03-10T17:39:40,4325.51,100.0,-271.0,273.5,-271.0,4054.51,4053.46,100.0,True,
2026-03-10T22:50:40,36,RR1.00:17-18:369:1873,2026-03-10T17:39:40,4325.51,100.0,-271.0,273.5,-271.0,4054.51,4053.46,100.0,True,
2026-03-10T22:50:40,37,RR1.00:17-18:369:1873,2026-03-10T17:39:40,4325.51,100.0,-271.0,273.5,-271.0,4054.51,4053.46,100.0,True,
2026-03-10T22:50:40,38,RR1.00:17-18:369:1873,2026-03-10T17:39:40,4325.51,100.0,-271.0,273.5,-271.0,4054.51,4053.46,100.0,True,
2026-03-10T22:50:40,39,RR1.00:17-18:369:1873,2026-03-10T17:39:40,4325.51,100.0,-271.0,273.5,-271.0,4054.51,4053.46,100.0,True,
2026-03-10T22:50:40,40,RR1.00:17-18:369:1873,2026-03-10T17:39:40,4325.51,100.0,-271.0,273.5,-271.0,4054.51,4053.46,100.0,True,
2026-03-10T22:50:40,41,RR1.00:17-18:369:1873,2026-03-10T17:39:40,4325.51,100.0,-271.0,273.5,-271.0,4054.51,4053.46,100.0,True,
2026-03-10T22:50:40,42,RR1.00:17-18:369:1873,2026-03-10T17:39:40,4325.51,100.0,-271.0,273.5,-271.0,4054.51,4053.46,100.0,True,
2026-03-10T22:50:40,43,RR1.00:17-18:369:1873,2026-03-10T17:39:40,4325.51,100.0,-271.0,273.5,-271.0,4054.51,4053.46,100.0,True,
2026-03-10T22:50:40,44,RR1.00:17-18:369:1873,2026-03-10T17:39:40,4325.51,100.0,-271.0,273.5,-271.0,4054.51,4053.46,100.0,True,
2026-03-10T22:50:40,48,RR1.00:17-18:369:1873,2026-03-10T17:39:40,4325.51,100.0,-271.0,273.5,-271.0,4054.51,4053.46,100.0,True,
2026-03-10T22:50:40,49,RR1.00:17-18:369:1873,2026-03-10T17:39:40,4325.51,100.0,-271.0,273.5,-271.0,4054.51,4053.46,100.0,True,
2026-03-10T22:50:40,55,RR1.00:17-18:369:1873,2026-03-10T17:39:40,4325.51,100.0,-271.0,273.5,-271.0,4054.51,4053.46,100.0,True,
2026-03-10T22:50:40,56,RR1.00:17-18:369:1873,2026-03-10T17:39:40,4325.51,100.0,-271.0,273.5,-271.0,4054.51,4053.46,100.0,True,
2026-03-10T23:30:00,4,RR1.00:23-24:110:836,2026-03-10T23:14:40,4053.46,100.0,-41.5,11.0,-17.5,4011.96,4034.91,100.0,True,
2026-03-10T23:30:00,30,RR1.00:23-24:110:836,2026-03-10T23:14:40,4053.46,100.0,-41.5,11.0,-17.5,4011.96,4034.91,100.0,True,
2026-03-10T23:30:00,31,RR1.00:23-24:110:836,2026-03-10T23:14:40,4053.46,100.0,-41.5,11.0,-17.5,4011.96,4034.91,100.0,True,
2026-03-10T23:30:00,32,RR1.00:23-24:110:836,2026-03-10T23:14:40,4053.46,100.0,-41.5,11.0,-17.5,4011.96,4034.91,100.0,True,
2026-03-10T23:30:00,33,RR1.00:23-24:110:836,2026-03-10T23:14:40,4053.46,100.0,-41.5,11.0,-17.5,4011.96,4034.91,100.0,True,
2026-03-10T23:30:00,34,RR1.00:23-24:110:836,2026-03-10T23:14:40,4053.46,100.0,-41.5,11.0,-17.5,4011.96,4034.91,100.0,True,
2026-03-10T23:30:00,35,RR1.00:23-24:110:836,2026-03-10T23:14:40,4053.46,100.0,-41.5,11.0,-17.5,4011.96,4034.91,100.0,True,
2026-03-10T23:30:00,36,RR1.00:23-24:110:836,2026-03-10T23:14:40,4053.46,100.0,-41.5,11.0,-17.5,4011.96,4034.91,100.0,True,
2026-03-10T23:30:00,37,RR1.00:23-24:110:836,2026-03-10T23:14:40,4053.46,100.0,-41.5,11.0,-17.5,4011.96,4034.91,100.0,True,
2026-03-10T23:30:00,38,RR1.00:23-24:110:836,2026-03-10T23:14:40,4053.46,100.0,-41.5,11.0,-17.5,4011.96,4034.91,100.0,True,
2026-03-10T23:30:00,39,RR1.00:23-24:110:836,2026-03-10T23:14:40,4053.46,100.0,-41.5,11.0,-17.5,4011.96,4034.91,100.0,True,
2026-03-10T23:30:00,40,RR1.00:23-24:110:836,2026-03-10T23:14:40,4053.46,100.0,-41.5,11.0,-17.5,4011.96,4034.91,100.0,True,
2026-03-10T23:30:00,41,RR1.00:23-24:110:836,2026-03-10T23:14:40,4053.46,100.0,-41.5,11.0,-17.5,4011.96,4034.91,100.0,True,
2026-03-10T23:30:00,42,RR1.00:23-24:110:836,2026-03-10T23:14:40,4053.46,100.0,-41.5,11.0,-17.5,4011.96,4034.91,100.0,True,
2026-03-10T23:30:00,43,RR1.00:23-24:110:836,2026-03-10T23:14:40,4053.46,100.0,-41.5,11.0,-17.5,4011.96,4034.91,100.0,True,
2026-03-10T23:30:00,44,RR1.00:23-24:110:836,2026-03-10T23:14:40,4053.46,100.0,-41.5,11.0,-17.5,4011.96,4034.91,100.0,True,
2026-03-10T23:30:00,48,RR1.00:23-24:110:836,2026-03-10T23:14:40,4053.46,100.0,-41.5,11.0,-17.5,4011.96,4034.91,100.0,True,
2026-03-10T23:30:00,49,RR1.00:23-24:110:836,2026-03-10T23:14:40,4053.46,100.0,-41.5,11.0,-17.5,4011.96,4034.91,100.0,True,
2026-03-10T23:30:00,55,RR1.00:23-24:110:836,2026-03-10T23:14:40,4053.46,100.0,-41.5,11.0,-17.5,4011.96,4034.91,100.0,True,
2026-03-10T23:30:00,56,RR1.00:23-24:110:836,2026-03-10T23:14:40,4053.46,100.0,-41.5,11.0,-17.5,4011.96,4034.91,100.0,True,
2026-03-11T03:00:00,4,RR1.00:2-3:557:2100,2026-03-11T02:10:40,4034.91,100.0,-11.5,95.5,77.5,4023.41,4111.36,100.0,True,
2026-03-11T03:00:00,30,RR1.00:2-3:557:2100,2026-03-11T02:10:40,4034.91,100.0,-11.5,95.5,77.5,4023.41,4111.36,100.0,True,
2026-03-11T03:00:00,31,RR1.00:2-3:557:2100,2026-03-11T02:10:40,4034.91,100.0,-11.5,95.5,77.5,4023.41,4111.36,100.0,True,
2026-03-11T03:00:00,32,RR1.00:2-3:557:2100,2026-03-11T02:10:40,4034.91,100.0,-11.5,95.5,77.5,4023.41,4111.36,100.0,True,
2026-03-11T03:00:00,33,RR1.00:2-3:557:2100,2026-03-11T02:10:40,4034.91,100.0,-11.5,95.5,77.5,4023.41,4111.36,100.0,True,
2026-03-11T03:00:00,34,RR1.00:2-3:557:2100,2026-03-11T02:10:40,4034.91,100.0,-11.5,95.5,77.5,4023.41,4111.36,100.0,True,
2026-03-11T03:00:00,35,RR1.00:2-3:557:2100,2026-03-11T02:10:40,4034.91,100.0,-11.5,95.5,77.5,4023.41,4111.36,100.0,True,
2026-03-11T03:00:00,36,RR1.00:2-3:557:2100,2026-03-11T02:10:40,4034.91,100.0,-11.5,95.5,77.5,4023.41,4111.36,100.0,True,
2026-03-11T03:00:00,37,RR1.00:2-3:557:2100,2026-03-11T02:10:40,4034.91,100.0,-11.5,95.5,77.5,4023.41,4111.36,100.0,True,
2026-03-11T03:00:00,38,RR1.00:2-3:557:2100,2026-03-11T02:10:40,4034.91,100.0,-11.5,95.5,77.5,4023.41,4111.36,100.0,True,
2026-03-11T03:00:00,39,RR1.00:2-3:557:2100,2026-03-11T02:10:40,4034.91,100.0,-11.5,95.5,77.5,4023.41,4111.36,100.0,True,
2026-03-11T03:00:00,40,RR1.00:2-3:557:2100,2026-03-11T02:10:40,4034.91,100.0,-11.5,95.5,77.5,4023.41,4111.36,100.0,True,
2026-03-11T03:00:00,41,RR1.00:2-3:557:2100,2026-03-11T02:10:40,4034.91,100.0,-11.5,95.5,77.5,4023.41,4111.36,100.0,True,
2026-03-11T03:00:00,42,RR1.00:2-3:557:2100,2026-03-11T02:10:40,4034.91,100.0,-11.5,95.5,77.5,4023.41,4111.36,100.0,True,
2026-03-11T03:00:00,43,RR1.00:2-3:557:2100,2026-03-11T02:10:40,4034.91,100.0,-11.5,95.5,77.5,4023.41,4111.36,100.0,True,
2026-03-11T03:00:00,44,RR1.00:2-3:557:2100,2026-03-11T02:10:40,4034.91,100.0,-11.5,95.5,77.5,4023.41,4111.36,100.0,True,
2026-03-11T03:00:00,48,RR1.00:2-3:557:2100,2026-03-11T02:10:40,4034.91,100.0,-11.5,95.5,77.5,4023.41,4111.36,100.0,True,
2026-03-11T03:00:00,49,RR1.00:2-3:557:2100,2026-03-11T02:10:40,4034.91,100.0,-11.5,95.5,77.5,4023.41,4111.36,100.0,True,
2026-03-11T03:00:00,55,RR1.00:2-3:557:2100,2026-03-11T02:10:40,4034.91,100.0,-11.5,95.5,77.5,4023.41,4111.36,100.0,True,
2026-03-11T03:00:00,56,RR1.00:2-3:557:2100,2026-03-11T02:10:40,4034.91,100.0,-11.5,95.5,77.5,4023.41,4111.36,100.0,True,
2026-03-11T07:00:00,4,RR1.00:4-5:528:2054,2026-03-11T04:14:40,4111.36,100.0,-12.0,93.5,84.5,4099.36,4194.81,100.0,True,
2026-03-11T07:00:00,30,RR1.00:4-5:528:2054,2026-03-11T04:14:40,4111.36,100.0,-12.0,93.5,84.5,4099.36,4194.81,100.0,True,
2026-03-11T07:00:00,31,RR1.00:4-5:528:2054,2026-03-11T04:14:40,4111.36,100.0,-12.0,93.5,84.5,4099.36,4194.81,100.0,True,
2026-03-11T07:00:00,32,RR1.00:4-5:528:2054,2026-03-11T04:14:40,4111.36,100.0,-12.0,93.5,84.5,4099.36,4194.81,100.0,True,
2026-03-11T07:00:00,33,RR1.00:4-5:528:2054,2026-03-11T04:14:40,4111.36,100.0,-12.0,93.5,84.5,4099.36,4194.81,100.0,True,
2026-03-11T07:00:00,34,RR1.00:4-5:528:2054,2026-03-11T04:14:40,4111.36,100.0,-12.0,93.5,84.5,4099.36,4194.81,100.0,True,
2026-03-11T07:00:00,35,RR1.00:4-5:528:2054,2026-03-11T04:14:40,4111.36,100.0,-12.0,93.5,84.5,4099.36,4194.81,100.0,True,
2026-03-11T07:00:00,36,RR1.00:4-5:528:2054,2026-03-11T04:14:40,4111.36,100.0,-12.0,93.5,84.5,4099.36,4194.81,100.0,True,
2026-03-11T07:00:00,37,RR1.00:4-5:528:2054,2026-03-11T04:14:40,4111.36,100.0,-12.0,93.5,84.5,4099.36,4194.81,100.0,True,
2026-03-11T07:00:00,38,RR1.00:4-5:528:2054,2026-03-11T04:14:40,4111.36,100.0,-12.0,93.5,84.5,4099.36,4194.81,100.0,True,
2026-03-11T07:00:00,39,RR1.00:4-5:528:2054,2026-03-11T04:14:40,4111.36,100.0,-12.0,93.5,84.5,4099.36,4194.81,100.0,True,
2026-03-11T07:00:00,40,RR1.00:4-5:528:2054,2026-03-11T04:14:40,4111.36,100.0,-12.0,93.5,84.5,4099.36,4194.81,100.0,True,
2026-03-11T07:00:00,41,RR1.00:4-5:528:2054,2026-03-11T04:14:40,4111.36,100.0,-12.0,93.5,84.5,4099.36,4194.81,100.0,True,
2026-03-11T07:00:00,42,RR1.00:4-5:528:2054,2026-03-11T04:14:40,4111.36,100.0,-12.0,93.5,84.5,4099.36,4194.81,100.0,True,
2026-03-11T07:00:00,43,RR1.00:4-5:528:2054,2026-03-11T04:14:40,4111.36,100.0,-12.0,93.5,84.5,4099.36,4194.81,100.0,True,
2026-03-11T07:00:00,44,RR1.00:4-5:528:2054,2026-03-11T04:14:40,4111.36,100.0,-12.0,93.5,84.5,4099.36,4194.81,100.0,True,
2026-03-11T07:00:00,48,RR1.00:4-5:528:2054,2026-03-11T04:14:40,4111.36,100.0,-12.0,93.5,84.5,4099.36,4194.81,100.0,True,
2026-03-11T07:00:00,49,RR1.00:4-5:528:2054,2026-03-11T04:14:40,4111.36,100.0,-12.0,93.5,84.5,4099.36,4194.81,100.0,True,
2026-03-11T07:00:00,55,RR1.00:4-5:528:2054,2026-03-11T04:14:40,4111.36,100.0,-12.0,93.5,84.5,4099.36,4194.81,100.0,True,
2026-03-11T07:00:00,56,RR1.00:4-5:528:2054,2026-03-11T04:14:40,4111.36,100.0,-12.0,93.5,84.5,4099.36,4194.81,100.0,True,
2026-03-11T07:00:00,4,RR1.00:6-7:533:2043,2026-03-11T06:32:40,4194.81,100.0,1.5,47.0,38.0,4194.81,4231.76,100.0,True,
2026-03-11T07:00:00,30,RR1.00:6-7:533:2043,2026-03-11T06:32:40,4194.81,100.0,1.5,47.0,38.0,4194.81,4231.76,100.0,True,
2026-03-11T07:00:00,31,RR1.00:6-7:533:2043,2026-03-11T06:32:40,4194.81,100.0,1.5,47.0,38.0,4194.81,4231.76,100.0,True,
2026-03-11T07:00:00,32,RR1.00:6-7:533:2043,2026-03-11T06:32:40,4194.81,100.0,1.5,47.0,38.0,4194.81,4231.76,100.0,True,
2026-03-11T07:00:00,33,RR1.00:6-7:533:2043,2026-03-11T06:32:40,4194.81,100.0,1.5,47.0,38.0,4194.81,4231.76,100.0,True,
2026-03-11T07:00:00,34,RR1.00:6-7:533:2043,2026-03-11T06:32:40,4194.81,100.0,1.5,47.0,38.0,4194.81,4231.76,100.0,True,
2026-03-11T07:00:00,35,RR1.00:6-7:533:2043,2026-03-11T06:32:40,4194.81,100.0,1.5,47.0,38.0,4194.81,4231.76,100.0,True,
2026-03-11T07:00:00,36,RR1.00:6-7:533:2043,2026-03-11T06:32:40,4194.81,100.0,1.5,47.0,38.0,4194.81,4231.76,100.0,True,
2026-03-11T07:00:00,37,RR1.00:6-7:533:2043,2026-03-11T06:32:40,4194.81,100.0,1.5,47.0,38.0,4194.81,4231.76,100.0,True,
2026-03-11T07:00:00,38,RR1.00:6-7:533:2043,2026-03-11T06:32:40,4194.81,100.0,1.5,47.0,38.0,4194.81,4231.76,100.0,True,
2026-03-11T07:00:00,39,RR1.00:6-7:533:2043,2026-03-11T06:32:40,4194.81,100.0,1.5,47.0,38.0,4194.81,4231.76,100.0,True,
2026-03-11T07:00:00,40,RR1.00:6-7:533:2043,2026-03-11T06:32:40,4194.81,100.0,1.5,47.0,38.0,4194.81,4231.76,100.0,True,
2026-03-11T07:00:00,41,RR1.00:6-7:533:2043,2026-03-11T06:32:40,4194.81,100.0,1.5,47.0,38.0,4194.81,4231.76,100.0,True,
2026-03-11T07:00:00,42,RR1.00:6-7:533:2043,2026-03-11T06:32:40,4194.81,100.0,1.5,47.0,38.0,4194.81,4231.76,100.0,True,
2026-03-11T07:00:00,43,RR1.00:6-7:533:2043,2026-03-11T06:32:40,4194.81,100.0,1.5,47.0,38.0,4194.81,4231.76,100.0,True,
2026-03-11T07:00:00,44,RR1.00:6-7:533:2043,2026-03-11T06:32:40,4194.81,100.0,1.5,47.0,38.0,4194.81,4231.76,100.0,True,
2026-03-11T07:00:00,48,RR1.00:6-7:533:2043,2026-03-11T06:32:40,4194.81,100.0,1.5,47.0,38.0,4194.81,4231.76,100.0,True,
2026-03-11T07:00:00,49,RR1.00:6-7:533:2043,2026-03-11T06:32:40,4194.81,100.0,1.5,47.0,38.0,4194.81,4231.76,100.0,True,
2026-03-11T07:00:00,55,RR1.00:6-7:533:2043,2026-03-11T06:32:40,4194.81,100.0,1.5,47.0,38.0,4194.81,4231.76,100.0,True,
2026-03-11T07:00:00,56,RR1.00:6-7:533:2043,2026-03-11T06:32:40,4194.81,100.0,1.5,47.0,38.0,4194.81,4231.76,100.0,True,
2026-03-11T10:24:40,4,RR1.00:9-10:555:2052,2026-03-11T09:33:40,4231.76,100.0,-67.5,23.0,-67.5,4164.26,4163.21,100.0,True,
2026-03-11T10:24:40,30,RR1.00:9-10:555:2052,2026-03-11T09:33:40,4231.76,100.0,-67.5,23.0,-67.5,4164.26,4163.21,100.0,True,
2026-03-11T10:24:40,31,RR1.00:9-10:555:2052,2026-03-11T09:33:40,4231.76,100.0,-67.5,23.0,-67.5,4164.26,4163.21,100.0,True,
2026-03-11T10:24:40,32,RR1.00:9-10:555:2052,2026-03-11T09:33:40,4231.76,100.0,-67.5,23.0,-67.5,4164.26,4163.21,100.0,True,
2026-03-11T10:24:40,33,RR1.00:9-10:555:2052,2026-03-11T09:33:40,4231.76,100.0,-67.5,23.0,-67.5,4164.26,4163.21,100.0,True,
2026-03-11T10:24:40,34,RR1.00:9-10:555:2052,2026-03-11T09:33:40,4231.76,100.0,-67.5,23.0,-67.5,4164.26,4163.21,100.0,True,
2026-03-11T10:24:40,35,RR1.00:9-10:555:2052,2026-03-11T09:33:40,4231.76,100.0,-67.5,23.0,-67.5,4164.26,4163.21,100.0,True,
2026-03-11T10:24:40,36,RR1.00:9-10:555:2052,2026-03-11T09:33:40,4231.76,100.0,-67.5,23.0,-67.5,4164.26,4163.21,100.0,True,
2026-03-11T10:24:40,37,RR1.00:9-10:555:2052,2026-03-11T09:33:40,4231.76,100.0,-67.5,23.0,-67.5,4164.26,4163.21,100.0,True,
2026-03-11T10:24:40,38,RR1.00:9-10:555:2052,2026-03-11T09:33:40,4231.76,100.0,-67.5,23.0,-67.5,4164.26,4163.21,100.0,True,
2026-03-11T10:24:40,39,RR1.00:9-10:555:2052,2026-03-11T09:33:40,4231.76,100.0,-67.5,23.0,-67.5,4164.26,4163.21,100.0,True,
2026-03-11T10:24:40,40,RR1.00:9-10:555:2052,2026-03-11T09:33:40,4231.76,100.0,-67.5,23.0,-67.5,4164.26,4163.21,100.0,True,
2026-03-11T10:24:40,41,RR1.00:9-10:555:2052,2026-03-11T09:33:40,4231.76,100.0,-67.5,23.0,-67.5,4164.26,4163.21,100.0,True,
2026-03-11T10:24:40,42,RR1.00:9-10:555:2052,2026-03-11T09:33:40,4231.76,100.0,-67.5,23.0,-67.5,4164.26,4163.21,100.0,True,
2026-03-11T10:24:40,43,RR1.00:9-10:555:2052,2026-03-11T09:33:40,4231.76,100.0,-67.5,23.0,-67.5,4164.26,4163.21,100.0,True,
2026-03-11T10:24:40,44,RR1.00:9-10:555:2052,2026-03-11T09:33:40,4231.76,100.0,-67.5,23.0,-67.5,4164.26,4163.21,100.0,True,
2026-03-11T10:24:40,48,RR1.00:9-10:555:2052,2026-03-11T09:33:40,4231.76,100.0,-67.5,23.0,-67.5,4164.26,4163.21,100.0,True,
2026-03-11T10:24:40,49,RR1.00:9-10:555:2052,2026-03-11T09:33:40,4231.76,100.0,-67.5,23.0,-67.5,4164.26,4163.21,100.0,True,
2026-03-11T10:24:40,55,RR1.00:9-10:555:2052,2026-03-11T09:33:40,4231.76,100.0,-67.5,23.0,-67.5,4164.26,4163.21,100.0,True,
2026-03-11T10:24:40,56,RR1.00:9-10:555:2052,2026-03-11T09:33:40,4231.76,100.0,-67.5,23.0,-67.5,4164.26,4163.21,100.0,True,
2026-03-11T14:00:00,4,RR1.00:13-14:569:2105,2026-03-11T13:08:40,4163.21,100.0,-6.0,153.5,139.0,4157.21,4301.16,100.0,True,
2026-03-11T14:00:00,30,RR1.00:13-14:569:2105,2026-03-11T13:08:40,4163.21,100.0,-6.0,153.5,139.0,4157.21,4301.16,100.0,True,
2026-03-11T14:00:00,31,RR1.00:13-14:569:2105,2026-03-11T13:08:40,4163.21,100.0,-6.0,153.5,139.0,4157.21,4301.16,100.0,True,
2026-03-11T14:00:00,32,RR1.00:13-14:569:2105,2026-03-11T13:08:40,4163.21,100.0,-6.0,153.5,139.0,4157.21,4301.16,100.0,True,
2026-03-11T14:00:00,33,RR1.00:13-14:569:2105,2026-03-11T13:08:40,4163.21,100.0,-6.0,153.5,139.0,4157.21,4301.16,100.0,True,
2026-03-11T14:00:00,34,RR1.00:13-14:569:2105,2026-03-11T13:08:40,4163.21,100.0,-6.0,153.5,139.0,4157.21,4301.16,100.0,True,
2026-03-11T14:00:00,35,RR1.00:13-14:569:2105,2026-03-11T13:08:40,4163.21,100.0,-6.0,153.5,139.0,4157.21,4301.16,100.0,True,
2026-03-11T14:00:00,36,RR1.00:13-14:569:2105,2026-03-11T13:08:40,4163.21,100.0,-6.0,153.5,139.0,4157.21,4301.16,100.0,True,
2026-03-11T14:00:00,37,RR1.00:13-14:569:2105,2026-03-11T13:08:40,4163.21,100.0,-6.0,153.5,139.0,4157.21,4301.16,100.0,True,
2026-03-11T14:00:00,38,RR1.00:13-14:569:2105,2026-03-11T13:08:40,4163.21,100.0,-6.0,153.5,139.0,4157.21,4301.16,100.0,True,
2026-03-11T14:00:00,39,RR1.00:13-14:569:2105,2026-03-11T13:08:40,4163.21,100.0,-6.0,153.5,139.0,4157.21,4301.16,100.0,True,
2026-03-11T14:00:00,40,RR1.00:13-14:569:2105,2026-03-11T13:08:40,4163.21,100.0,-6.0,153.5,139.0,4157.21,4301.16,100.0,True,
2026-03-11T14:00:00,41,RR1.00:13-14:569:2105,2026-03-11T13:08:40,4163.21,100.0,-6.0,153.5,139.0,4157.21,4301.16,100.0,True,
2026-03-11T14:00:00,42,RR1.00:13-14:569:2105,2026-03-11T13:08:40,4163.21,100.0,-6.0,153.5,139.0,4157.21,4301.16,100.0,True,
2026-03-11T14:00:00,43,RR1.00:13-14:569:2105,2026-03-11T13:08:40,4163.21,100.0,-6.0,153.5,139.0,4157.21,4301.16,100.0,True,
2026-03-11T14:00:00,44,RR1.00:13-14:569:2105,2026-03-11T13:08:40,4163.21,100.0,-6.0,153.5,139.0,4157.21,4301.16,100.0,True,
2026-03-11T14:00:00,48,RR1.00:13-14:569:2105,2026-03-11T13:08:40,4163.21,100.0,-6.0,153.5,139.0,4157.21,4301.16,100.0,True,
2026-03-11T14:00:00,49,RR1.00:13-14:569:2105,2026-03-11T13:08:40,4163.21,100.0,-6.0,153.5,139.0,4157.21,4301.16,100.0,True,
2026-03-11T14:00:00,55,RR1.00:13-14:569:2105,2026-03-11T13:08:40,4163.21,100.0,-6.0,153.5,139.0,4157.21,4301.16,100.0,True,
2026-03-11T14:00:00,56,RR1.00:13-14:569:2105,2026-03-11T13:08:40,4163.21,100.0,-6.0,153.5,139.0,4157.21,4301.16,100.0,True,
2026-03-11T15:42:40,4,RR1.00:15-16:681:2230,2026-03-11T15:29:20,4301.16,100.0,-139.5,115.5,-139.5,4161.66,4160.61,100.0,True,
2026-03-11T15:42:40,30,RR1.00:15-16:681:2230,2026-03-11T15:29:20,4301.16,100.0,-139.5,115.5,-139.5,4161.66,4160.61,100.0,True,
2026-03-11T15:42:40,31,RR1.00:15-16:681:2230,2026-03-11T15:29:20,4301.16,100.0,-139.5,115.5,-139.5,4161.66,4160.61,100.0,True,
2026-03-11T15:42:40,32,RR1.00:15-16:681:2230,2026-03-11T15:29:20,4301.16,100.0,-139.5,115.5,-139.5,4161.66,4160.61,100.0,True,
2026-03-11T15:42:40,33,RR1.00:15-16:681:2230,2026-03-11T15:29:20,4301.16,100.0,-139.5,115.5,-139.5,4161.66,4160.61,100.0,True,
2026-03-11T15:42:40,34,RR1.00:15-16:681:2230,2026-03-11T15:29:20,4301.16,100.0,-139.5,115.5,-139.5,4161.66,4160.61,100.0,True,
2026-03-11T15:42:40,35,RR1.00:15-16:681:2230,2026-03-11T15:29:20,4301.16,100.0,-139.5,115.5,-139.5,4161.66,4160.61,100.0,True,
2026-03-11T15:42:40,36,RR1.00:15-16:681:2230,2026-03-11T15:29:20,4301.16,100.0,-139.5,115.5,-139.5,4161.66,4160.61,100.0,True,
2026-03-11T15:42:40,37,RR1.00:15-16:681:2230,2026-03-11T15:29:20,4301.16,100.0,-139.5,115.5,-139.5,4161.66,4160.61,100.0,True,
2026-03-11T15:42:40,38,RR1.00:15-16:681:2230,2026-03-11T15:29:20,4301.16,100.0,-139.5,115.5,-139.5,4161.66,4160.61,100.0,True,
2026-03-11T15:42:40,39,RR1.00:15-16:681:2230,2026-03-11T15:29:20,4301.16,100.0,-139.5,115.5,-139.5,4161.66,4160.61,100.0,True,
2026-03-11T15:42:40,40,RR1.00:15-16:681:2230,2026-03-11T15:29:20,4301.16,100.0,-139.5,115.5,-139.5,4161.66,4160.61,100.0,True,
2026-03-11T15:42:40,41,RR1.00:15-16:681:2230,2026-03-11T15:29:20,4301.16,100.0,-139.5,115.5,-139.5,4161.66,4160.61,100.0,True,
2026-03-11T15:42:40,42,RR1.00:15-16:681:2230,2026-03-11T15:29:20,4301.16,100.0,-139.5,115.5,-139.5,4161.66,4160.61,100.0,True,
2026-03-11T15:42:40,43,RR1.00:15-16:681:2230,2026-03-11T15:29:20,4301.16,100.0,-139.5,115.5,-139.5,4161.66,4160.61,100.0,True,
2026-03-11T15:42:40,44,RR1.00:15-16:681:2230,2026-03-11T15:29:20,4301.16,100.0,-139.5,115.5,-139.5,4161.66,4160.61,100.0,True,
2026-03-11T15:42:40,48,RR1.00:15-16:681:2230,2026-03-11T15:29:20,4301.16,100.0,-139.5,115.5,-139.5,4161.66,4160.61,100.0,True,
2026-03-11T15:42:40,49,RR1.00:15-16:681:2230,2026-03-11T15:29:20,4301.16,100.0,-139.5,115.5,-139.5,4161.66,4160.61,100.0,True,
2026-03-11T15:42:40,55,RR1.00:15-16:681:2230,2026-03-11T15:29:20,4301.16,100.0,-139.5,115.5,-139.5,4161.66,4160.61,100.0,True,
2026-03-11T15:42:40,56,RR1.00:15-16:681:2230,2026-03-11T15:29:20,4301.16,100.0,-139.5,115.5,-139.5,4161.66,4160.61,100.0,True,
2026-03-11T18:46:40,4,RR1.00:16-17:845:2413,2026-03-11T16:30:40,4160.61,100.0,-295.0,248.0,-295.0,3865.61,3864.56,100.0,True,
2026-03-11T18:46:40,30,RR1.00:16-17:845:2413,2026-03-11T16:30:40,4160.61,100.0,-295.0,248.0,-295.0,3865.61,3864.56,100.0,True,
2026-03-11T18:46:40,31,RR1.00:16-17:845:2413,2026-03-11T16:30:40,4160.61,100.0,-295.0,248.0,-295.0,3865.61,3864.56,100.0,True,
2026-03-11T18:46:40,32,RR1.00:16-17:845:2413,2026-03-11T16:30:40,4160.61,100.0,-295.0,248.0,-295.0,3865.61,3864.56,100.0,True,
2026-03-11T18:46:40,33,RR1.00:16-17:845:2413,2026-03-11T16:30:40,4160.61,100.0,-295.0,248.0,-295.0,3865.61,3864.56,100.0,True,
2026-03-11T18:46:40,34,RR1.00:16-17:845:2413,2026-03-11T16:30:40,4160.61,100.0,-295.0,248.0,-295.0,3865.61,3864.56,100.0,True,
2026-03-11T18:46:40,35,RR1.00:16-17:845:2413,2026-03-11T16:30:40,4160.61,100.0,-295.0,248.0,-295.0,3865.61,3864.56,100.0,True,
2026-03-11T18:46:40,36,RR1.00:16-17:845:2413,2026-03-11T16:30:40,4160.61,100.0,-295.0,248.0,-295.0,3865.61,3864.56,100.0,True,
2026-03-11T18:46:40,37,RR1.00:16-17:845:2413,2026-03-11T16:30:40,4160.61,100.0,-295.0,248.0,-295.0,3865.61,3864.56,100.0,True,
2026-03-11T18:46:40,38,RR1.00:16-17:845:2413,2026-03-11T16:30:40,4160.61,100.0,-295.0,248.0,-295.0,3865.61,3864.56,100.0,True,
2026-03-11T18:46:40,39,RR1.00:16-17:845:2413,2026-03-11T16:30:40,4160.61,100.0,-295.0,248.0,-295.0,3865.61,3864.56,100.0,True,
2026-03-11T18:46:40,40,RR1.00:16-17:845:2413,2026-03-11T16:30:40,4160.61,100.0,-295.0,248.0,-295.0,3865.61,3864.56,100.0,True,
2026-03-11T18:46:40,41,RR1.00:16-17:845:2413,2026-03-11T16:30:40,4160.61,100.0,-295.0,248.0,-295.0,3865.61,3864.56,100.0,True,
2026-03-11T18:46:40,42,RR1.00:16-17:845:2413,2026-03-11T16:30:40,4160.61,100.0,-295.0,248.0,-295.0,3865.61,3864.56,100.0,True,
2026-03-11T18:46:40,43,RR1.00:16-17:845:2413,2026-03-11T16:30:40,4160.61,100.0,-295.0,248.0,-295.0,3865.61,3864.56,100.0,True,
2026-03-11T18:46:40,44,RR1.00:16-17:845:2413,2026-03-11T16:30:40,4160.61,100.0,-295.0,248.0,-295.0,3865.61,3864.56,100.0,True,
2026-03-11T18:46:40,48,RR1.00:16-17:845:2413,2026-03-11T16:30:40,4160.61,100.0,-295.0,248.0,-295.0,3865.61,3864.56,100.0,True,
2026-03-11T18:46:40,49,RR1.00:16-17:845:2413,2026-03-11T16:30:40,4160.61,100.0,-295.0,248.0,-295.0,3865.61,3864.56,100.0,True,
2026-03-11T18:46:40,55,RR1.00:16-17:845:2413,2026-03-11T16:30:40,4160.61,100.0,-295.0,248.0,-295.0,3865.61,3864.56,100.0,True,
2026-03-11T18:46:40,56,RR1.00:16-17:845:2413,2026-03-11T16:30:40,4160.61,100.0,-295.0,248.0,-295.0,3865.61,3864.56,100.0,True,
2026-03-11T20:38:40,4,RR1.00:19-20:481:1955,2026-03-11T19:30:40,3864.56,100.0,-144.0,142.0,-144.0,3720.56,3719.51,100.0,True,
2026-03-11T20:38:40,30,RR1.00:19-20:481:1955,2026-03-11T19:30:40,3864.56,100.0,-144.0,142.0,-144.0,3720.56,3719.51,100.0,True,
2026-03-11T20:38:40,31,RR1.00:19-20:481:1955,2026-03-11T19:30:40,3864.56,100.0,-144.0,142.0,-144.0,3720.56,3719.51,100.0,True,
2026-03-11T20:38:40,32,RR1.00:19-20:481:1955,2026-03-11T19:30:40,3864.56,100.0,-144.0,142.0,-144.0,3720.56,3719.51,100.0,True,
2026-03-11T20:38:40,33,RR1.00:19-20:481:1955,2026-03-11T19:30:40,3864.56,100.0,-144.0,142.0,-144.0,3720.56,3719.51,100.0,True,
2026-03-11T20:38:40,34,RR1.00:19-20:481:1955,2026-03-11T19:30:40,3864.56,100.0,-144.0,142.0,-144.0,3720.56,3719.51,100.0,True,
2026-03-11T20:38:40,35,RR1.00:19-20:481:1955,2026-03-11T19:30:40,3864.56,100.0,-144.0,142.0,-144.0,3720.56,3719.51,100.0,True,
2026-03-11T20:38:40,36,RR1.00:19-20:481:1955,2026-03-11T19:30:40,3864.56,100.0,-144.0,142.0,-144.0,3720.56,3719.51,100.0,True,
2026-03-11T20:38:40,37,RR1.00:19-20:481:1955,2026-03-11T19:30:40,3864.56,100.0,-144.0,142.0,-144.0,3720.56,3719.51,100.0,True,
2026-03-11T20:38:40,38,RR1.00:19-20:481:1955,2026-03-11T19:30:40,3864.56,100.0,-144.0,142.0,-144.0,3720.56,3719.51,100.0,True,
2026-03-11T20:38:40,39,RR1.00:19-20:481:1955,2026-03-11T19:30:40,3864.56,100.0,-144.0,142.0,-144.0,3720.56,3719.51,100.0,True,
2026-03-11T20:38:40,40,RR1.00:19-20:481:1955,2026-03-11T19:30:40,3864.56,100.0,-144.0,142.0,-144.0,3720.56,3719.51,100.0,True,
2026-03-11T20:38:40,41,RR1.00:19-20:481:1955,2026-03-11T19:30:40,3864.56,100.0,-144.0,142.0,-144.0,3720.56,3719.51,100.0,True,
2026-03-11T20:38:40,42,RR1.00:19-20:481:1955,2026-03-11T19:30:40,3864.56,100.0,-144.0,142.0,-144.0,3720.56,3719.51,100.0,True,
2026-03-11T20:38:40,43,RR1.00:19-20:481:1955,2026-03-11T19:30:40,3864.56,100.0,-144.0,142.0,-144.0,3720.56,3719.51,100.0,True,
2026-03-11T20:38:40,44,RR1.00:19-20:481:1955,2026-03-11T19:30:40,3864.56,100.0,-144.0,142.0,-144.0,3720.56,3719.51,100.0,True,
2026-03-11T20:38:40,48,RR1.00:19-20:481:1955,2026-03-11T19:30:40,3864.56,100.0,-144.0,142.0,-144.0,3720.56,3719.51,100.0,True,
2026-03-11T20:38:40,49,RR1.00:19-20:481:1955,2026-03-11T19:30:40,3864.56,100.0,-144.0,142.0,-144.0,3720.56,3719.51,100.0,True,
2026-03-11T20:38:40,55,RR1.00:19-20:481:1955,2026-03-11T19:30:40,3864.56,100.0,-144.0,142.0,-144.0,3720.56,3719.51,100.0,True,
2026-03-11T20:38:40,56,RR1.00:19-20:481:1955,2026-03-11T19:30:40,3864.56,100.0,-144.0,142.0,-144.0,3720.56,3719.51,100.0,True,
2026-03-11T23:30:00,4,RR1.00:21-22:535:1985,2026-03-11T21:34:40,3719.51,100.0,-96.5,90.0,5.5,3623.01,3723.96,100.0,True,
2026-03-11T23:30:00,30,RR1.00:21-22:535:1985,2026-03-11T21:34:40,3719.51,100.0,-96.5,90.0,5.5,3623.01,3723.96,100.0,True,
2026-03-11T23:30:00,31,RR1.00:21-22:535:1985,2026-03-11T21:34:40,3719.51,100.0,-96.5,90.0,5.5,3623.01,3723.96,100.0,True,
2026-03-11T23:30:00,32,RR1.00:21-22:535:1985,2026-03-11T21:34:40,3719.51,100.0,-96.5,90.0,5.5,3623.01,3723.96,100.0,True,
2026-03-11T23:30:00,33,RR1.00:21-22:535:1985,2026-03-11T21:34:40,3719.51,100.0,-96.5,90.0,5.5,3623.01,3723.96,100.0,True,
2026-03-11T23:30:00,34,RR1.00:21-22:535:1985,2026-03-11T21:34:40,3719.51,100.0,-96.5,90.0,5.5,3623.01,3723.96,100.0,True,
2026-03-11T23:30:00,35,RR1.00:21-22:535:1985,2026-03-11T21:34:40,3719.51,100.0,-96.5,90.0,5.5,3623.01,3723.96,100.0,True,
2026-03-11T23:30:00,36,RR1.00:21-22:535:1985,2026-03-11T21:34:40,3719.51,100.0,-96.5,90.0,5.5,3623.01,3723.96,100.0,True,
2026-03-11T23:30:00,37,RR1.00:21-22:535:1985,2026-03-11T21:34:40,3719.51,100.0,-96.5,90.0,5.5,3623.01,3723.96,100.0,True,
2026-03-11T23:30:00,38,RR1.00:21-22:535:1985,2026-03-11T21:34:40,3719.51,100.0,-96.5,90.0,5.5,3623.01,3723.96,100.0,True,
2026-03-11T23:30:00,39,RR1.00:21-22:535:1985,2026-03-11T21:34:40,3719.51,100.0,-96.5,90.0,5.5,3623.01,3723.96,100.0,True,
2026-03-11T23:30:00,40,RR1.00:21-22:535:1985,2026-03-11T21:34:40,3719.51,100.0,-96.5,90.0,5.5,3623.01,3723.96,100.0,True,
2026-03-11T23:30:00,41,RR1.00:21-22:535:1985,2026-03-11T21:34:40,3719.51,100.0,-96.5,90.0,5.5,3623.01,3723.96,100.0,True,
2026-03-11T23:30:00,42,RR1.00:21-22:535:1985,2026-03-11T21:34:40,3719.51,100.0,-96.5,90.0,5.5,3623.01,3723.96,100.0,True,
2026-03-11T23:30:00,43,RR1.00:21-22:535:1985,2026-03-11T21:34:40,3719.51,100.0,-96.5,90.0,5.5,3623.01,3723.96,100.0,True,
2026-03-11T23:30:00,44,RR1.00:21-22:535:1985,2026-03-11T21:34:40,3719.51,100.0,-96.5,90.0,5.5,3623.01,3723.96,100.0,True,
2026-03-11T23:30:00,48,RR1.00:21-22:535:1985,2026-03-11T21:34:40,3719.51,100.0,-96.5,90.0,5.5,3623.01,3723.96,100.0,True,
2026-03-11T23:30:00,49,RR1.00:21-22:535:1985,2026-03-11T21:34:40,3719.51,100.0,-96.5,90.0,5.5,3623.01,3723.96,100.0,True,
2026-03-11T23:30:00,55,RR1.00:21-22:535:1985,2026-03-11T21:34:40,3719.51,100.0,-96.5,90.0,5.5,3623.01,3723.96,100.0,True,
2026-03-11T23:30:00,56,RR1.00:21-22:535:1985,2026-03-11T21:34:40,3719.51,100.0,-96.5,90.0,5.5,3623.01,3723.96,100.0,True,
2026-03-11T23:30:00,4,RR1.00:22-23:552:1996,2026-03-11T22:34:40,3723.96,100.0,-38.5,81.5,-3.0,3685.46,3719.91,100.0,True,
2026-03-11T23:30:00,30,RR1.00:22-23:552:1996,2026-03-11T22:34:40,3723.96,100.0,-38.5,81.5,-3.0,3685.46,3719.91,100.0,True,
2026-03-11T23:30:00,31,RR1.00:22-23:552:1996,2026-03-11T22:34:40,3723.96,100.0,-38.5,81.5,-3.0,3685.46,3719.91,100.0,True,
2026-03-11T23:30:00,32,RR1.00:22-23:552:1996,2026-03-11T22:34:40,3723.96,100.0,-38.5,81.5,-3.0,3685.46,3719.91,100.0,True,
2026-03-11T23:30:00,33,RR1.00:22-23:552:1996,2026-03-11T22:34:40,3723.96,100.0,-38.5,81.5,-3.0,3685.46,3719.91,100.0,True,
2026-03-11T23:30:00,34,RR1.00:22-23:552:1996,2026-03-11T22:34:40,3723.96,100.0,-38.5,81.5,-3.0,3685.46,3719.91,100.0,True,
2026-03-11T23:30:00,35,RR1.00:22-23:552:1996,2026-03-11T22:34:40,3723.96,100.0,-38.5,81.5,-3.0,3685.46,3719.91,100.0,True,
2026-03-11T23:30:00,36,RR1.00:22-23:552:1996,2026-03-11T22:34:40,3723.96,100.0,-38.5,81.5,-3.0,3685.46,3719.91,100.0,True,
2026-03-11T23:30:00,37,RR1.00:22-23:552:1996,2026-03-11T22:34:40,3723.96,100.0,-38.5,81.5,-3.0,3685.46,3719.91,100.0,True,
2026-03-11T23:30:00,38,RR1.00:22-23:552:1996,2026-03-11T22:34:40,3723.96,100.0,-38.5,81.5,-3.0,3685.46,3719.91,100.0,True,
2026-03-11T23:30:00,39,RR1.00:22-23:552:1996,2026-03-11T22:34:40,3723.96,100.0,-38.5,81.5,-3.0,3685.46,3719.91,100.0,True,
2026-03-11T23:30:00,40,RR1.00:22-23:552:1996,2026-03-11T22:34:40,3723.96,100.0,-38.5,81.5,-3.0,3685.46,3719.91,100.0,True,
2026-03-11T23:30:00,41,RR1.00:22-23:552:1996,2026-03-11T22:34:40,3723.96,100.0,-38.5,81.5,-3.0,3685.46,3719.91,100.0,True,
2026-03-11T23:30:00,42,RR1.00:22-23:552:1996,2026-03-11T22:34:40,3723.96,100.0,-38.5,81.5,-3.0,3685.46,3719.91,100.0,True,
2026-03-11T23:30:00,43,RR1.00:22-23:552:1996,2026-03-11T22:34:40,3723.96,100.0,-38.5,81.5,-3.0,3685.46,3719.91,100.0,True,
2026-03-11T23:30:00,44,RR1.00:22-23:552:1996,2026-03-11T22:34:40,3723.96,100.0,-38.5,81.5,-3.0,3685.46,3719.91,100.0,True,
2026-03-11T23:30:00,48,RR1.00:22-23:552:1996,2026-03-11T22:34:40,3723.96,100.0,-38.5,81.5,-3.0,3685.46,3719.91,100.0,True,
2026-03-11T23:30:00,49,RR1.00:22-23:552:1996,2026-03-11T22:34:40,3723.96,100.0,-38.5,81.5,-3.0,3685.46,3719.91,100.0,True,
2026-03-11T23:30:00,55,RR1.00:22-23:552:1996,2026-03-11T22:34:40,3723.96,100.0,-38.5,81.5,-3.0,3685.46,3719.91,100.0,True,
2026-03-11T23:30:00,56,RR1.00:22-23:552:1996,2026-03-11T22:34:40,3723.96,100.0,-38.5,81.5,-3.0,3685.46,3719.91,100.0,True,
2026-03-12T05:35:40,4,RR1.00:3-4:553:2068,2026-03-12T03:35:40,3719.91,100.0,-102.0,102.0,-102.0,3617.91,3616.86,100.0,True,
2026-03-12T05:35:40,30,RR1.00:3-4:553:2068,2026-03-12T03:35:40,3719.91,100.0,-102.0,102.0,-102.0,3617.91,3616.86,100.0,True,
2026-03-12T05:35:40,31,RR1.00:3-4:553:2068,2026-03-12T03:35:40,3719.91,100.0,-102.0,102.0,-102.0,3617.91,3616.86,100.0,True,
2026-03-12T05:35:40,32,RR1.00:3-4:553:2068,2026-03-12T03:35:40,3719.91,100.0,-102.0,102.0,-102.0,3617.91,3616.86,100.0,True,
2026-03-12T05:35:40,33,RR1.00:3-4:553:2068,2026-03-12T03:35:40,3719.91,100.0,-102.0,102.0,-102.0,3617.91,3616.86,100.0,True,
2026-03-12T05:35:40,34,RR1.00:3-4:553:2068,2026-03-12T03:35:40,3719.91,100.0,-102.0,102.0,-102.0,3617.91,3616.86,100.0,True,
2026-03-12T05:35:40,35,RR1.00:3-4:553:2068,2026-03-12T03:35:40,3719.91,100.0,-102.0,102.0,-102.0,3617.91,3616.86,100.0,True,
2026-03-12T05:35:40,36,RR1.00:3-4:553:2068,2026-03-12T03:35:40,3719.91,100.0,-102.0,102.0,-102.0,3617.91,3616.86,100.0,True,
2026-03-12T05:35:40,37,RR1.00:3-4:553:2068,2026-03-12T03:35:40,3719.91,100.0,-102.0,102.0,-102.0,3617.91,3616.86,100.0,True,
2026-03-12T05:35:40,38,RR1.00:3-4:553:2068,2026-03-12T03:35:40,3719.91,100.0,-102.0,102.0,-102.0,3617.91,3616.86,100.0,True,
2026-03-12T05:35:40,39,RR1.00:3-4:553:2068,2026-03-12T03:35:40,3719.91,100.0,-102.0,102.0,-102.0,3617.91,3616.86,100.0,True,
2026-03-12T05:35:40,40,RR1.00:3-4:553:2068,2026-03-12T03:35:40,3719.91,100.0,-102.0,102.0,-102.0,3617.91,3616.86,100.0,True,
2026-03-12T05:35:40,41,RR1.00:3-4:553:2068,2026-03-12T03:35:40,3719.91,100.0,-102.0,102.0,-102.0,3617.91,3616.86,100.0,True,
2026-03-12T05:35:40,42,RR1.00:3-4:553:2068,2026-03-12T03:35:40,3719.91,100.0,-102.0,102.0,-102.0,3617.91,3616.86,100.0,True,
2026-03-12T05:35:40,43,RR1.00:3-4:553:2068,2026-03-12T03:35:40,3719.91,100.0,-102.0,102.0,-102.0,3617.91,3616.86,100.0,True,
2026-03-12T05:35:40,44,RR1.00:3-4:553:2068,2026-03-12T03:35:40,3719.91,100.0,-102.0,102.0,-102.0,3617.91,3616.86,100.0,True,
2026-03-12T05:35:40,48,RR1.00:3-4:553:2068,2026-03-12T03:35:40,3719.91,100.0,-102.0,102.0,-102.0,3617.91,3616.86,100.0,True,
2026-03-12T05:35:40,49,RR1.00:3-4:553:2068,2026-03-12T03:35:40,3719.91,100.0,-102.0,102.0,-102.0,3617.91,3616.86,100.0,True,
2026-03-12T05:35:40,55,RR1.00:3-4:553:2068,2026-03-12T03:35:40,3719.91,100.0,-102.0,102.0,-102.0,3617.91,3616.86,100.0,True,
2026-03-12T05:35:40,56,RR1.00:3-4:553:2068,2026-03-12T03:35:40,3719.91,100.0,-102.0,102.0,-102.0,3617.91,3616.86,100.0,True,
2026-03-12T09:30:00,4,RR1.00:8-9:599:2132,2026-03-12T08:02:40,3616.86,100.0,-29.5,82.5,82.0,3587.36,3697.81,100.0,True,
2026-03-12T09:30:00,30,RR1.00:8-9:599:2132,2026-03-12T08:02:40,3616.86,100.0,-29.5,82.5,82.0,3587.36,3697.81,100.0,True,
2026-03-12T09:30:00,31,RR1.00:8-9:599:2132,2026-03-12T08:02:40,3616.86,100.0,-29.5,82.5,82.0,3587.36,3697.81,100.0,True,
2026-03-12T09:30:00,32,RR1.00:8-9:599:2132,2026-03-12T08:02:40,3616.86,100.0,-29.5,82.5,82.0,3587.36,3697.81,100.0,True,
2026-03-12T09:30:00,33,RR1.00:8-9:599:2132,2026-03-12T08:02:40,3616.86,100.0,-29.5,82.5,82.0,3587.36,3697.81,100.0,True,
2026-03-12T09:30:00,34,RR1.00:8-9:599:2132,2026-03-12T08:02:40,3616.86,100.0,-29.5,82.5,82.0,3587.36,3697.81,100.0,True,
2026-03-12T09:30:00,35,RR1.00:8-9:599:2132,2026-03-12T08:02:40,3616.86,100.0,-29.5,82.5,82.0,3587.36,3697.81,100.0,True,
2026-03-12T09:30:00,36,RR1.00:8-9:599:2132,2026-03-12T08:02:40,3616.86,100.0,-29.5,82.5,82.0,3587.36,3697.81,100.0,True,
2026-03-12T09:30:00,37,RR1.00:8-9:599:2132,2026-03-12T08:02:40,3616.86,100.0,-29.5,82.5,82.0,3587.36,3697.81,100.0,True,
2026-03-12T09:30:00,38,RR1.00:8-9:599:2132,2026-03-12T08:02:40,3616.86,100.0,-29.5,82.5,82.0,3587.36,3697.81,100.0,True,
2026-03-12T09:30:00,39,RR1.00:8-9:599:2132,2026-03-12T08:02:40,3616.86,100.0,-29.5,82.5,82.0,3587.36,3697.81,100.0,True,
2026-03-12T09:30:00,40,RR1.00:8-9:599:2132,2026-03-12T08:02:40,3616.86,100.0,-29.5,82.5,82.0,3587.36,3697.81,100.0,True,
2026-03-12T09:30:00,41,RR1.00:8-9:599:2132,2026-03-12T08:02:40,3616.86,100.0,-29.5,82.5,82.0,3587.36,3697.81,100.0,True,
2026-03-12T09:30:00,42,RR1.00:8-9:599:2132,2026-03-12T08:02:40,3616.86,100.0,-29.5,82.5,82.0,3587.36,3697.81,100.0,True,
2026-03-12T09:30:00,43,RR1.00:8-9:599:2132,2026-03-12T08:02:40,3616.86,100.0,-29.5,82.5,82.0,3587.36,3697.81,100.0,True,
2026-03-12T09:30:00,44,RR1.00:8-9:599:2132,2026-03-12T08:02:40,3616.86,100.0,-29.5,82.5,82.0,3587.36,3697.81,100.0,True,
2026-03-12T09:30:00,48,RR1.00:8-9:599:2132,2026-03-12T08:02:40,3616.86,100.0,-29.5,82.5,82.0,3587.36,3697.81,100.0,True,
2026-03-12T09:30:00,49,RR1.00:8-9:599:2132,2026-03-12T08:02:40,3616.86,100.0,-29.5,82.5,82.0,3587.36,3697.81,100.0,True,
2026-03-12T09:30:00,55,RR1.00:8-9:599:2132,2026-03-12T08:02:40,3616.86,100.0,-29.5,82.5,82.0,3587.36,3697.81,100.0,True,
2026-03-12T09:30:00,56,RR1.00:8-9:599:2132,2026-03-12T08:02:40,3616.86,100.0,-29.5,82.5,82.0,3587.36,3697.81,100.0,True,
2026-03-12T15:01:40,4,RR1.00:14-15:530:2009,2026-03-12T14:30:40,3697.81,100.0,-87.0,77.0,-87.0,3610.81,3609.76,100.0,True,
2026-03-12T15:01:40,30,RR1.00:14-15:530:2009,2026-03-12T14:30:40,3697.81,100.0,-87.0,77.0,-87.0,3610.81,3609.76,100.0,True,
2026-03-12T15:01:40,31,RR1.00:14-15:530:2009,2026-03-12T14:30:40,3697.81,100.0,-87.0,77.0,-87.0,3610.81,3609.76,100.0,True,
2026-03-12T15:01:40,32,RR1.00:14-15:530:2009,2026-03-12T14:30:40,3697.81,100.0,-87.0,77.0,-87.0,3610.81,3609.76,100.0,True,
2026-03-12T15:01:40,33,RR1.00:14-15:530:2009,2026-03-12T14:30:40,3697.81,100.0,-87.0,77.0,-87.0,3610.81,3609.76,100.0,True,
2026-03-12T15:01:40,34,RR1.00:14-15:530:2009,2026-03-12T14:30:40,3697.81,100.0,-87.0,77.0,-87.0,3610.81,3609.76,100.0,True,
2026-03-12T15:01:40,35,RR1.00:14-15:530:2009,2026-03-12T14:30:40,3697.81,100.0,-87.0,77.0,-87.0,3610.81,3609.76,100.0,True,
2026-03-12T15:01:40,36,RR1.00:14-15:530:2009,2026-03-12T14:30:40,3697.81,100.0,-87.0,77.0,-87.0,3610.81,3609.76,100.0,True,
2026-03-12T15:01:40,37,RR1.00:14-15:530:2009,2026-03-12T14:30:40,3697.81,100.0,-87.0,77.0,-87.0,3610.81,3609.76,100.0,True,
2026-03-12T15:01:40,38,RR1.00:14-15:530:2009,2026-03-12T14:30:40,3697.81,100.0,-87.0,77.0,-87.0,3610.81,3609.76,100.0,True,
2026-03-12T15:01:40,39,RR1.00:14-15:530:2009,2026-03-12T14:30:40,3697.81,100.0,-87.0,77.0,-87.0,3610.81,3609.76,100.0,True,
2026-03-12T15:01:40,40,RR1.00:14-15:530:2009,2026-03-12T14:30:40,3697.81,100.0,-87.0,77.0,-87.0,3610.81,3609.76,100.0,True,
2026-03-12T15:01:40,41,RR1.00:14-15:530:2009,2026-03-12T14:30:40,3697.81,100.0,-87.0,77.0,-87.0,3610.81,3609.76,100.0,True,
2026-03-12T15:01:40,42,RR1.00:14-15:530:2009,2026-03-12T14:30:40,3697.81,100.0,-87.0,77.0,-87.0,3610.81,3609.76,100.0,True,
2026-03-12T15:01:40,43,RR1.00:14-15:530:2009,2026-03-12T14:30:40,3697.81,100.0,-87.0,77.0,-87.0,3610.81,3609.76,100.0,True,
2026-03-12T15:01:40,44,RR1.00:14-15:530:2009,2026-03-12T14:30:40,3697.81,100.0,-87.0,77.0,-87.0,3610.81,3609.76,100.0,True,
2026-03-12T15:01:40,48,RR1.00:14-15:530:2009,2026-03-12T14:30:40,3697.81,100.0,-87.0,77.0,-87.0,3610.81,3609.76,100.0,True,
2026-03-12T15:01:40,49,RR1.00:14-15:530:2009,2026-03-12T14:30:40,3697.81,100.0,-87.0,77.0,-87.0,3610.81,3609.76,100.0,True,
2026-03-12T15:01:40,55,RR1.00:14-15:530:2009,2026-03-12T14:30:40,3697.81,100.0,-87.0,77.0,-87.0,3610.81,3609.76,100.0,True,
2026-03-12T15:01:40,56,RR1.00:14-15:530:2009,2026-03-12T14:30:40,3697.81,100.0,-87.0,77.0,-87.0,3610.81,3609.76,100.0,True,
2026-03-12T15:06:40,4,RR1.00:12-13:511:2020,2026-03-12T12:40:40,3609.76,100.0,-141.0,90.5,-141.0,3468.76,3467.71,100.0,True,
2026-03-12T15:06:40,30,RR1.00:12-13:511:2020,2026-03-12T12:40:40,3609.76,100.0,-141.0,90.5,-141.0,3468.76,3467.71,100.0,True,
2026-03-12T15:06:40,31,RR1.00:12-13:511:2020,2026-03-12T12:40:40,3609.76,100.0,-141.0,90.5,-141.0,3468.76,3467.71,100.0,True,
2026-03-12T15:06:40,32,RR1.00:12-13:511:2020,2026-03-12T12:40:40,3609.76,100.0,-141.0,90.5,-141.0,3468.76,3467.71,100.0,True,
2026-03-12T15:06:40,33,RR1.00:12-13:511:2020,2026-03-12T12:40:40,3609.76,100.0,-141.0,90.5,-141.0,3468.76,3467.71,100.0,True,
2026-03-12T15:06:40,34,RR1.00:12-13:511:2020,2026-03-12T12:40:40,3609.76,100.0,-141.0,90.5,-141.0,3468.76,3467.71,100.0,True,
2026-03-12T15:06:40,35,RR1.00:12-13:511:2020,2026-03-12T12:40:40,3609.76,100.0,-141.0,90.5,-141.0,3468.76,3467.71,100.0,True,
2026-03-12T15:06:40,36,RR1.00:12-13:511:2020,2026-03-12T12:40:40,3609.76,100.0,-141.0,90.5,-141.0,3468.76,3467.71,100.0,True,
2026-03-12T15:06:40,37,RR1.00:12-13:511:2020,2026-03-12T12:40:40,3609.76,100.0,-141.0,90.5,-141.0,3468.76,3467.71,100.0,True,
2026-03-12T15:06:40,38,RR1.00:12-13:511:2020,2026-03-12T12:40:40,3609.76,100.0,-141.0,90.5,-141.0,3468.76,3467.71,100.0,True,
2026-03-12T15:06:40,39,RR1.00:12-13:511:2020,2026-03-12T12:40:40,3609.76,100.0,-141.0,90.5,-141.0,3468.76,3467.71,100.0,True,
2026-03-12T15:06:40,40,RR1.00:12-13:511:2020,2026-03-12T12:40:40,3609.76,100.0,-141.0,90.5,-141.0,3468.76,3467.71,100.0,True,
2026-03-12T15:06:40,41,RR1.00:12-13:511:2020,2026-03-12T12:40:40,3609.76,100.0,-141.0,90.5,-141.0,3468.76,3467.71,100.0,True,
2026-03-12T15:06:40,42,RR1.00:12-13:511:2020,2026-03-12T12:40:40,3609.76,100.0,-141.0,90.5,-141.0,3468.76,3467.71,100.0,True,
2026-03-12T15:06:40,43,RR1.00:12-13:511:2020,2026-03-12T12:40:40,3609.76,100.0,-141.0,90.5,-141.0,3468.76,3467.71,100.0,True,
2026-03-12T15:06:40,44,RR1.00:12-13:511:2020,2026-03-12T12:40:40,3609.76,100.0,-141.0,90.5,-141.0,3468.76,3467.71,100.0,True,
2026-03-12T15:06:40,48,RR1.00:12-13:511:2020,2026-03-12T12:40:40,3609.76,100.0,-141.0,90.5,-141.0,3468.76,3467.71,100.0,True,
2026-03-12T15:06:40,49,RR1.00:12-13:511:2020,2026-03-12T12:40:40,3609.76,100.0,-141.0,90.5,-141.0,3468.76,3467.71,100.0,True,
2026-03-12T15:06:40,55,RR1.00:12-13:511:2020,2026-03-12T12:40:40,3609.76,100.0,-141.0,90.5,-141.0,3468.76,3467.71,100.0,True,
2026-03-12T15:06:40,56,RR1.00:12-13:511:2020,2026-03-12T12:40:40,3609.76,100.0,-141.0,90.5,-141.0,3468.76,3467.71,100.0,True,
2026-03-12T16:14:40,4,RR1.00:16-17:846:2415,2026-03-12T16:03:40,3467.71,100.0,-86.0,17.5,-86.0,3381.71,3380.66,100.0,True,
2026-03-12T16:14:40,30,RR1.00:16-17:846:2415,2026-03-12T16:03:40,3467.71,100.0,-86.0,17.5,-86.0,3381.71,3380.66,100.0,True,
2026-03-12T16:14:40,31,RR1.00:16-17:846:2415,2026-03-12T16:03:40,3467.71,100.0,-86.0,17.5,-86.0,3381.71,3380.66,100.0,True,
2026-03-12T16:14:40,32,RR1.00:16-17:846:2415,2026-03-12T16:03:40,3467.71,100.0,-86.0,17.5,-86.0,3381.71,3380.66,100.0,True,
2026-03-12T16:14:40,33,RR1.00:16-17:846:2415,2026-03-12T16:03:40,3467.71,100.0,-86.0,17.5,-86.0,3381.71,3380.66,100.0,True,
2026-03-12T16:14:40,34,RR1.00:16-17:846:2415,2026-03-12T16:03:40,3467.71,100.0,-86.0,17.5,-86.0,3381.71,3380.66,100.0,True,
2026-03-12T16:14:40,35,RR1.00:16-17:846:2415,2026-03-12T16:03:40,3467.71,100.0,-86.0,17.5,-86.0,3381.71,3380.66,100.0,True,
2026-03-12T16:14:40,36,RR1.00:16-17:846:2415,2026-03-12T16:03:40,3467.71,100.0,-86.0,17.5,-86.0,3381.71,3380.66,100.0,True,
2026-03-12T16:14:40,37,RR1.00:16-17:846:2415,2026-03-12T16:03:40,3467.71,100.0,-86.0,17.5,-86.0,3381.71,3380.66,100.0,True,
2026-03-12T16:14:40,38,RR1.00:16-17:846:2415,2026-03-12T16:03:40,3467.71,100.0,-86.0,17.5,-86.0,3381.71,3380.66,100.0,True,
2026-03-12T16:14:40,39,RR1.00:16-17:846:2415,2026-03-12T16:03:40,3467.71,100.0,-86.0,17.5,-86.0,3381.71,3380.66,100.0,True,
2026-03-12T16:14:40,40,RR1.00:16-17:846:2415,2026-03-12T16:03:40,3467.71,100.0,-86.0,17.5,-86.0,3381.71,3380.66,100.0,True,
2026-03-12T16:14:40,41,RR1.00:16-17:846:2415,2026-03-12T16:03:40,3467.71,100.0,-86.0,17.5,-86.0,3381.71,3380.66,100.0,True,
2026-03-12T16:14:40,42,RR1.00:16-17:846:2415,2026-03-12T16:03:40,3467.71,100.0,-86.0,17.5,-86.0,3381.71,3380.66,100.0,True,
2026-03-12T16:14:40,43,RR1.00:16-17:846:2415,2026-03-12T16:03:40,3467.71,100.0,-86.0,17.5,-86.0,3381.71,3380.66,100.0,True,
2026-03-12T16:14:40,44,RR1.00:16-17:846:2415,2026-03-12T16:03:40,3467.71,100.0,-86.0,17.5,-86.0,3381.71,3380.66,100.0,True,
2026-03-12T16:14:40,48,RR1.00:16-17:846:2415,2026-03-12T16:03:40,3467.71,100.0,-86.0,17.5,-86.0,3381.71,3380.66,100.0,True,
2026-03-12T16:14:40,49,RR1.00:16-17:846:2415,2026-03-12T16:03:40,3467.71,100.0,-86.0,17.5,-86.0,3381.71,3380.66,100.0,True,
2026-03-12T16:14:40,55,RR1.00:16-17:846:2415,2026-03-12T16:03:40,3467.71,100.0,-86.0,17.5,-86.0,3381.71,3380.66,100.0,True,
2026-03-12T16:14:40,56,RR1.00:16-17:846:2415,2026-03-12T16:03:40,3467.71,100.0,-86.0,17.5,-86.0,3381.71,3380.66,100.0,True,
2026-03-12T22:46:40,4,RR1.00:18-19:462:1968,2026-03-12T18:39:40,3380.66,100.0,-158.0,190.5,-158.0,3222.66,3221.61,100.0,True,
2026-03-12T22:46:40,30,RR1.00:18-19:462:1968,2026-03-12T18:39:40,3380.66,100.0,-158.0,190.5,-158.0,3222.66,3221.61,100.0,True,
2026-03-12T22:46:40,31,RR1.00:18-19:462:1968,2026-03-12T18:39:40,3380.66,100.0,-158.0,190.5,-158.0,3222.66,3221.61,100.0,True,
2026-03-12T22:46:40,32,RR1.00:18-19:462:1968,2026-03-12T18:39:40,3380.66,100.0,-158.0,190.5,-158.0,3222.66,3221.61,100.0,True,
2026-03-12T22:46:40,33,RR1.00:18-19:462:1968,2026-03-12T18:39:40,3380.66,100.0,-158.0,190.5,-158.0,3222.66,3221.61,100.0,True,
2026-03-12T22:46:40,34,RR1.00:18-19:462:1968,2026-03-12T18:39:40,3380.66,100.0,-158.0,190.5,-158.0,3222.66,3221.61,100.0,True,
2026-03-12T22:46:40,35,RR1.00:18-19:462:1968,2026-03-12T18:39:40,3380.66,100.0,-158.0,190.5,-158.0,3222.66,3221.61,100.0,True,
2026-03-12T22:46:40,36,RR1.00:18-19:462:1968,2026-03-12T18:39:40,3380.66,100.0,-158.0,190.5,-158.0,3222.66,3221.61,100.0,True,
2026-03-12T22:46:40,37,RR1.00:18-19:462:1968,2026-03-12T18:39:40,3380.66,100.0,-158.0,190.5,-158.0,3222.66,3221.61,100.0,True,
2026-03-12T22:46:40,38,RR1.00:18-19:462:1968,2026-03-12T18:39:40,3380.66,100.0,-158.0,190.5,-158.0,3222.66,3221.61,100.0,True,
2026-03-12T22:46:40,39,RR1.00:18-19:462:1968,2026-03-12T18:39:40,3380.66,100.0,-158.0,190.5,-158.0,3222.66,3221.61,100.0,True,
2026-03-12T22:46:40,40,RR1.00:18-19:462:1968,2026-03-12T18:39:40,3380.66,100.0,-158.0,190.5,-158.0,3222.66,3221.61,100.0,True,
2026-03-12T22:46:40,41,RR1.00:18-19:462:1968,2026-03-12T18:39:40,3380.66,100.0,-158.0,190.5,-158.0,3222.66,3221.61,100.0,True,
2026-03-12T22:46:40,42,RR1.00:18-19:462:1968,2026-03-12T18:39:40,3380.66,100.0,-158.0,190.5,-158.0,3222.66,3221.61,100.0,True,
2026-03-12T22:46:40,43,RR1.00:18-19:462:1968,2026-03-12T18:39:40,3380.66,100.0,-158.0,190.5,-158.0,3222.66,3221.61,100.0,True,
2026-03-12T22:46:40,44,RR1.00:18-19:462:1968,2026-03-12T18:39:40,3380.66,100.0,-158.0,190.5,-158.0,3222.66,3221.61,100.0,True,
2026-03-12T22:46:40,48,RR1.00:18-19:462:1968,2026-03-12T18:39:40,3380.66,100.0,-158.0,190.5,-158.0,3222.66,3221.61,100.0,True,
2026-03-12T22:46:40,49,RR1.00:18-19:462:1968,2026-03-12T18:39:40,3380.66,100.0,-158.0,190.5,-158.0,3222.66,3221.61,100.0,True,
2026-03-12T22:46:40,55,RR1.00:18-19:462:1968,2026-03-12T18:39:40,3380.66,100.0,-158.0,190.5,-158.0,3222.66,3221.61,100.0,True,
2026-03-12T22:46:40,56,RR1.00:18-19:462:1968,2026-03-12T18:39:40,3380.66,100.0,-158.0,190.5,-158.0,3222.66,3221.61,100.0,True,
2026-03-13T07:22:40,4,RR1.00:6-7:534:2048,2026-03-13T06:46:40,3221.61,100.0,-76.5,18.0,-76.5,3145.11,3144.06,100.0,True,
2026-03-13T07:22:40,30,RR1.00:6-7:534:2048,2026-03-13T06:46:40,3221.61,100.0,-76.5,18.0,-76.5,3145.11,3144.06,100.0,True,
2026-03-13T07:22:40,31,RR1.00:6-7:534:2048,2026-03-13T06:46:40,3221.61,100.0,-76.5,18.0,-76.5,3145.11,3144.06,100.0,True,
2026-03-13T07:22:40,32,RR1.00:6-7:534:2048,2026-03-13T06:46:40,3221.61,100.0,-76.5,18.0,-76.5,3145.11,3144.06,100.0,True,
2026-03-13T07:22:40,33,RR1.00:6-7:534:2048,2026-03-13T06:46:40,3221.61,100.0,-76.5,18.0,-76.5,3145.11,3144.06,100.0,True,
2026-03-13T07:22:40,34,RR1.00:6-7:534:2048,2026-03-13T06:46:40,3221.61,100.0,-76.5,18.0,-76.5,3145.11,3144.06,100.0,True,
2026-03-13T07:22:40,35,RR1.00:6-7:534:2048,2026-03-13T06:46:40,3221.61,100.0,-76.5,18.0,-76.5,3145.11,3144.06,100.0,True,
2026-03-13T07:22:40,36,RR1.00:6-7:534:2048,2026-03-13T06:46:40,3221.61,100.0,-76.5,18.0,-76.5,3145.11,3144.06,100.0,True,
2026-03-13T07:22:40,37,RR1.00:6-7:534:2048,2026-03-13T06:46:40,3221.61,100.0,-76.5,18.0,-76.5,3145.11,3144.06,100.0,True,
2026-03-13T07:22:40,38,RR1.00:6-7:534:2048,2026-03-13T06:46:40,3221.61,100.0,-76.5,18.0,-76.5,3145.11,3144.06,100.0,True,
2026-03-13T07:22:40,39,RR1.00:6-7:534:2048,2026-03-13T06:46:40,3221.61,100.0,-76.5,18.0,-76.5,3145.11,3144.06,100.0,True,
2026-03-13T07:22:40,40,RR1.00:6-7:534:2048,2026-03-13T06:46:40,3221.61,100.0,-76.5,18.0,-76.5,3145.11,3144.06,100.0,True,
2026-03-13T07:22:40,41,RR1.00:6-7:534:2048,2026-03-13T06:46:40,3221.61,100.0,-76.5,18.0,-76.5,3145.11,3144.06,100.0,True,
2026-03-13T07:22:40,42,RR1.00:6-7:534:2048,2026-03-13T06:46:40,3221.61,100.0,-76.5,18.0,-76.5,3145.11,3144.06,100.0,True,
2026-03-13T07:22:40,43,RR1.00:6-7:534:2048,2026-03-13T06:46:40,3221.61,100.0,-76.5,18.0,-76.5,3145.11,3144.06,100.0,True,
2026-03-13T07:22:40,44,RR1.00:6-7:534:2048,2026-03-13T06:46:40,3221.61,100.0,-76.5,18.0,-76.5,3145.11,3144.06,100.0,True,
2026-03-13T07:22:40,48,RR1.00:6-7:534:2048,2026-03-13T06:46:40,3221.61,100.0,-76.5,18.0,-76.5,3145.11,3144.06,100.0,True,
2026-03-13T07:22:40,49,RR1.00:6-7:534:2048,2026-03-13T06:46:40,3221.61,100.0,-76.5,18.0,-76.5,3145.11,3144.06,100.0,True,
2026-03-13T07:22:40,55,RR1.00:6-7:534:2048,2026-03-13T06:46:40,3221.61,100.0,-76.5,18.0,-76.5,3145.11,3144.06,100.0,True,
2026-03-13T07:22:40,56,RR1.00:6-7:534:2048,2026-03-13T06:46:40,3221.61,100.0,-76.5,18.0,-76.5,3145.11,3144.06,100.0,True,
2026-03-13T09:25:40,4,RR1.00:8-9:600:2134,2026-03-13T08:31:40,3144.06,100.0,-51.5,22.5,-51.5,3092.56,3091.51,100.0,True,
2026-03-13T09:25:40,30,RR1.00:8-9:600:2134,2026-03-13T08:31:40,3144.06,100.0,-51.5,22.5,-51.5,3092.56,3091.51,100.0,True,
2026-03-13T09:25:40,31,RR1.00:8-9:600:2134,2026-03-13T08:31:40,3144.06,100.0,-51.5,22.5,-51.5,3092.56,3091.51,100.0,True,
2026-03-13T09:25:40,32,RR1.00:8-9:600:2134,2026-03-13T08:31:40,3144.06,100.0,-51.5,22.5,-51.5,3092.56,3091.51,100.0,True,
2026-03-13T09:25:40,33,RR1.00:8-9:600:2134,2026-03-13T08:31:40,3144.06,100.0,-51.5,22.5,-51.5,3092.56,3091.51,100.0,True,
2026-03-13T09:25:40,34,RR1.00:8-9:600:2134,2026-03-13T08:31:40,3144.06,100.0,-51.5,22.5,-51.5,3092.56,3091.51,100.0,True,
2026-03-13T09:25:40,35,RR1.00:8-9:600:2134,2026-03-13T08:31:40,3144.06,100.0,-51.5,22.5,-51.5,3092.56,3091.51,100.0,True,
2026-03-13T09:25:40,36,RR1.00:8-9:600:2134,2026-03-13T08:31:40,3144.06,100.0,-51.5,22.5,-51.5,3092.56,3091.51,100.0,True,
2026-03-13T09:25:40,37,RR1.00:8-9:600:2134,2026-03-13T08:31:40,3144.06,100.0,-51.5,22.5,-51.5,3092.56,3091.51,100.0,True,
2026-03-13T09:25:40,38,RR1.00:8-9:600:2134,2026-03-13T08:31:40,3144.06,100.0,-51.5,22.5,-51.5,3092.56,3091.51,100.0,True,
2026-03-13T09:25:40,39,RR1.00:8-9:600:2134,2026-03-13T08:31:40,3144.06,100.0,-51.5,22.5,-51.5,3092.56,3091.51,100.0,True,
2026-03-13T09:25:40,40,RR1.00:8-9:600:2134,2026-03-13T08:31:40,3144.06,100.0,-51.5,22.5,-51.5,3092.56,3091.51,100.0,True,
2026-03-13T09:25:40,41,RR1.00:8-9:600:2134,2026-03-13T08:31:40,3144.06,100.0,-51.5,22.5,-51.5,3092.56,3091.51,100.0,True,
2026-03-13T09:25:40,42,RR1.00:8-9:600:2134,2026-03-13T08:31:40,3144.06,100.0,-51.5,22.5,-51.5,3092.56,3091.51,100.0,True,
2026-03-13T09:25:40,43,RR1.00:8-9:600:2134,2026-03-13T08:31:40,3144.06,100.0,-51.5,22.5,-51.5,3092.56,3091.51,100.0,True,
2026-03-13T09:25:40,44,RR1.00:8-9:600:2134,2026-03-13T08:31:40,3144.06,100.0,-51.5,22.5,-51.5,3092.56,3091.51,100.0,True,
2026-03-13T09:25:40,48,RR1.00:8-9:600:2134,2026-03-13T08:31:40,3144.06,100.0,-51.5,22.5,-51.5,3092.56,3091.51,100.0,True,
2026-03-13T09:25:40,49,RR1.00:8-9:600:2134,2026-03-13T08:31:40,3144.06,100.0,-51.5,22.5,-51.5,3092.56,3091.51,100.0,True,
2026-03-13T09:25:40,55,RR1.00:8-9:600:2134,2026-03-13T08:31:40,3144.06,100.0,-51.5,22.5,-51.5,3092.56,3091.51,100.0,True,
2026-03-13T09:25:40,56,RR1.00:8-9:600:2134,2026-03-13T08:31:40,3144.06,100.0,-51.5,22.5,-51.5,3092.56,3091.51,100.0,True,
2026-03-13T09:37:40,4,RR1.00:3-4:554:2070,2026-03-13T03:15:40,3091.51,100.0,-122.5,147.5,-122.5,2969.01,2967.96,100.0,True,
2026-03-13T09:37:40,30,RR1.00:3-4:554:2070,2026-03-13T03:15:40,3091.51,100.0,-122.5,147.5,-122.5,2969.01,2967.96,100.0,True,
2026-03-13T09:37:40,31,RR1.00:3-4:554:2070,2026-03-13T03:15:40,3091.51,100.0,-122.5,147.5,-122.5,2969.01,2967.96,100.0,True,
2026-03-13T09:37:40,32,RR1.00:3-4:554:2070,2026-03-13T03:15:40,3091.51,100.0,-122.5,147.5,-122.5,2969.01,2967.96,100.0,True,
2026-03-13T09:37:40,33,RR1.00:3-4:554:2070,2026-03-13T03:15:40,3091.51,100.0,-122.5,147.5,-122.5,2969.01,2967.96,100.0,True,
2026-03-13T09:37:40,34,RR1.00:3-4:554:2070,2026-03-13T03:15:40,3091.51,100.0,-122.5,147.5,-122.5,2969.01,2967.96,100.0,True,
2026-03-13T09:37:40,35,RR1.00:3-4:554:2070,2026-03-13T03:15:40,3091.51,100.0,-122.5,147.5,-122.5,2969.01,2967.96,100.0,True,
2026-03-13T09:37:40,36,RR1.00:3-4:554:2070,2026-03-13T03:15:40,3091.51,100.0,-122.5,147.5,-122.5,2969.01,2967.96,100.0,True,
2026-03-13T09:37:40,37,RR1.00:3-4:554:2070,2026-03-13T03:15:40,3091.51,100.0,-122.5,147.5,-122.5,2969.01,2967.96,100.0,True,
2026-03-13T09:37:40,38,RR1.00:3-4:554:2070,2026-03-13T03:15:40,3091.51,100.0,-122.5,147.5,-122.5,2969.01,2967.96,100.0,True,
2026-03-13T09:37:40,39,RR1.00:3-4:554:2070,2026-03-13T03:15:40,3091.51,100.0,-122.5,147.5,-122.5,2969.01,2967.96,100.0,True,
2026-03-13T09:37:40,40,RR1.00:3-4:554:2070,2026-03-13T03:15:40,3091.51,100.0,-122.5,147.5,-122.5,2969.01,2967.96,100.0,True,
2026-03-13T09:37:40,41,RR1.00:3-4:554:2070,2026-03-13T03:15:40,3091.51,100.0,-122.5,147.5,-122.5,2969.01,2967.96,100.0,True,
2026-03-13T09:37:40,42,RR1.00:3-4:554:2070,2026-03-13T03:15:40,3091.51,100.0,-122.5,147.5,-122.5,2969.01,2967.96,100.0,True,
2026-03-13T09:37:40,43,RR1.00:3-4:554:2070,2026-03-13T03:15:40,3091.51,100.0,-122.5,147.5,-122.5,2969.01,2967.96,100.0,True,
2026-03-13T09:37:40,44,RR1.00:3-4:554:2070,2026-03-13T03:15:40,3091.51,100.0,-122.5,147.5,-122.5,2969.01,2967.96,100.0,True,
2026-03-13T09:37:40,48,RR1.00:3-4:554:2070,2026-03-13T03:15:40,3091.51,100.0,-122.5,147.5,-122.5,2969.01,2967.96,100.0,True,
2026-03-13T09:37:40,49,RR1.00:3-4:554:2070,2026-03-13T03:15:40,3091.51,100.0,-122.5,147.5,-122.5,2969.01,2967.96,100.0,True,
2026-03-13T09:37:40,55,RR1.00:3-4:554:2070,2026-03-13T03:15:40,3091.51,100.0,-122.5,147.5,-122.5,2969.01,2967.96,100.0,True,
2026-03-13T09:37:40,56,RR1.00:3-4:554:2070,2026-03-13T03:15:40,3091.51,100.0,-122.5,147.5,-122.5,2969.01,2967.96,100.0,True,
2026-03-13T12:30:00,4,RR1.00:11-12:456:1963,2026-03-13T11:37:40,2967.96,100.0,-10.5,228.5,133.0,2957.46,3099.91,100.0,True,
2026-03-13T12:30:00,30,RR1.00:11-12:456:1963,2026-03-13T11:37:40,2967.96,100.0,-10.5,228.5,133.0,2957.46,3099.91,100.0,True,
2026-03-13T12:30:00,31,RR1.00:11-12:456:1963,2026-03-13T11:37:40,2967.96,100.0,-10.5,228.5,133.0,2957.46,3099.91,100.0,True,
2026-03-13T12:30:00,32,RR1.00:11-12:456:1963,2026-03-13T11:37:40,2967.96,100.0,-10.5,228.5,133.0,2957.46,3099.91,100.0,True,
2026-03-13T12:30:00,33,RR1.00:11-12:456:1963,2026-03-13T11:37:40,2967.96,100.0,-10.5,228.5,133.0,2957.46,3099.91,100.0,True,
2026-03-13T12:30:00,34,RR1.00:11-12:456:1963,2026-03-13T11:37:40,2967.96,100.0,-10.5,228.5,133.0,2957.46,3099.91,100.0,True,
2026-03-13T12:30:00,35,RR1.00:11-12:456:1963,2026-03-13T11:37:40,2967.96,100.0,-10.5,228.5,133.0,2957.46,3099.91,100.0,True,
2026-03-13T12:30:00,36,RR1.00:11-12:456:1963,2026-03-13T11:37:40,2967.96,100.0,-10.5,228.5,133.0,2957.46,3099.91,100.0,True,
2026-03-13T12:30:00,37,RR1.00:11-12:456:1963,2026-03-13T11:37:40,2967.96,100.0,-10.5,228.5,133.0,2957.46,3099.91,100.0,True,
2026-03-13T12:30:00,38,RR1.00:11-12:456:1963,2026-03-13T11:37:40,2967.96,100.0,-10.5,228.5,133.0,2957.46,3099.91,100.0,True,
2026-03-13T12:30:00,39,RR1.00:11-12:456:1963,2026-03-13T11:37:40,2967.96,100.0,-10.5,228.5,133.0,2957.46,3099.91,100.0,True,
2026-03-13T12:30:00,40,RR1.00:11-12:456:1963,2026-03-13T11:37:40,2967.96,100.0,-10.5,228.5,133.0,2957.46,3099.91,100.0,True,
2026-03-13T12:30:00,41,RR1.00:11-12:456:1963,2026-03-13T11:37:40,2967.96,100.0,-10.5,228.5,133.0,2957.46,3099.91,100.0,True,
2026-03-13T12:30:00,42,RR1.00:11-12:456:1963,2026-03-13T11:37:40,2967.96,100.0,-10.5,228.5,133.0,2957.46,3099.91,100.0,True,
2026-03-13T12:30:00,43,RR1.00:11-12:456:1963,2026-03-13T11:37:40,2967.96,100.0,-10.5,228.5,133.0,2957.46,3099.91,100.0,True,
2026-03-13T12:30:00,44,RR1.00:11-12:456:1963,2026-03-13T11:37:40,2967.96,100.0,-10.5,228.5,133.0,2957.46,3099.91,100.0,True,
2026-03-13T12:30:00,48,RR1.00:11-12:456:1963,2026-03-13T11:37:40,2967.96,100.0,-10.5,228.5,133.0,2957.46,3099.91,100.0,True,
2026-03-13T12:30:00,49,RR1.00:11-12:456:1963,2026-03-13T11:37:40,2967.96,100.0,-10.5,228.5,133.0,2957.46,3099.91,100.0,True,
2026-03-13T12:30:00,55,RR1.00:11-12:456:1963,2026-03-13T11:37:40,2967.96,100.0,-10.5,228.5,133.0,2957.46,3099.91,100.0,True,
2026-03-13T12:30:00,56,RR1.00:11-12:456:1963,2026-03-13T11:37:40,2967.96,100.0,-10.5,228.5,133.0,2957.46,3099.91,100.0,True,
2026-03-13T16:35:40,4,RR1.00:15-16:682:2234,2026-03-13T15:30:40,3099.91,100.0,-93.0,117.0,-93.0,3006.91,3005.86,100.0,True,
2026-03-13T16:35:40,30,RR1.00:15-16:682:2234,2026-03-13T15:30:40,3099.91,100.0,-93.0,117.0,-93.0,3006.91,3005.86,100.0,True,
2026-03-13T16:35:40,31,RR1.00:15-16:682:2234,2026-03-13T15:30:40,3099.91,100.0,-93.0,117.0,-93.0,3006.91,3005.86,100.0,True,
2026-03-13T16:35:40,32,RR1.00:15-16:682:2234,2026-03-13T15:30:40,3099.91,100.0,-93.0,117.0,-93.0,3006.91,3005.86,100.0,True,
2026-03-13T16:35:40,33,RR1.00:15-16:682:2234,2026-03-13T15:30:40,3099.91,100.0,-93.0,117.0,-93.0,3006.91,3005.86,100.0,True,
2026-03-13T16:35:40,34,RR1.00:15-16:682:2234,2026-03-13T15:30:40,3099.91,100.0,-93.0,117.0,-93.0,3006.91,3005.86,100.0,True,
2026-03-13T16:35:40,35,RR1.00:15-16:682:2234,2026-03-13T15:30:40,3099.91,100.0,-93.0,117.0,-93.0,3006.91,3005.86,100.0,True,
2026-03-13T16:35:40,36,RR1.00:15-16:682:2234,2026-03-13T15:30:40,3099.91,100.0,-93.0,117.0,-93.0,3006.91,3005.86,100.0,True,
2026-03-13T16:35:40,37,RR1.00:15-16:682:2234,2026-03-13T15:30:40,3099.91,100.0,-93.0,117.0,-93.0,3006.91,3005.86,100.0,True,
2026-03-13T16:35:40,38,RR1.00:15-16:682:2234,2026-03-13T15:30:40,3099.91,100.0,-93.0,117.0,-93.0,3006.91,3005.86,100.0,True,
2026-03-13T16:35:40,39,RR1.00:15-16:682:2234,2026-03-13T15:30:40,3099.91,100.0,-93.0,117.0,-93.0,3006.91,3005.86,100.0,True,
2026-03-13T16:35:40,40,RR1.00:15-16:682:2234,2026-03-13T15:30:40,3099.91,100.0,-93.0,117.0,-93.0,3006.91,3005.86,100.0,True,
2026-03-13T16:35:40,41,RR1.00:15-16:682:2234,2026-03-13T15:30:40,3099.91,100.0,-93.0,117.0,-93.0,3006.91,3005.86,100.0,True,
2026-03-13T16:35:40,42,RR1.00:15-16:682:2234,2026-03-13T15:30:40,3099.91,100.0,-93.0,117.0,-93.0,3006.91,3005.86,100.0,True,
2026-03-13T16:35:40,43,RR1.00:15-16:682:2234,2026-03-13T15:30:40,3099.91,100.0,-93.0,117.0,-93.0,3006.91,3005.86,100.0,True,
2026-03-13T16:35:40,44,RR1.00:15-16:682:2234,2026-03-13T15:30:40,3099.91,100.0,-93.0,117.0,-93.0,3006.91,3005.86,100.0,True,
2026-03-13T16:35:40,48,RR1.00:15-16:682:2234,2026-03-13T15:30:40,3099.91,100.0,-93.0,117.0,-93.0,3006.91,3005.86,100.0,True,
2026-03-13T16:35:40,49,RR1.00:15-16:682:2234,2026-03-13T15:30:40,3099.91,100.0,-93.0,117.0,-93.0,3006.91,3005.86,100.0,True,
2026-03-13T16:35:40,55,RR1.00:15-16:682:2234,2026-03-13T15:30:40,3099.91,100.0,-93.0,117.0,-93.0,3006.91,3005.86,100.0,True,
2026-03-13T16:35:40,56,RR1.00:15-16:682:2234,2026-03-13T15:30:40,3099.91,100.0,-93.0,117.0,-93.0,3006.91,3005.86,100.0,True,
2026-03-13T16:35:40,4,RR1.00:16-17:847:2418,2026-03-13T16:33:20,3005.86,100.0,-105.0,23.5,-105.0,2900.86,2899.81,100.0,True,
2026-03-13T16:35:40,30,RR1.00:16-17:847:2418,2026-03-13T16:33:20,3005.86,100.0,-105.0,23.5,-105.0,2900.86,2899.81,100.0,True,
2026-03-13T16:35:40,31,RR1.00:16-17:847:2418,2026-03-13T16:33:20,3005.86,100.0,-105.0,23.5,-105.0,2900.86,2899.81,100.0,True,
2026-03-13T16:35:40,32,RR1.00:16-17:847:2418,2026-03-13T16:33:20,3005.86,100.0,-105.0,23.5,-105.0,2900.86,2899.81,100.0,True,
2026-03-13T16:35:40,33,RR1.00:16-17:847:2418,2026-03-13T16:33:20,3005.86,100.0,-105.0,23.5,-105.0,2900.86,2899.81,100.0,True,
2026-03-13T16:35:40,34,RR1.00:16-17:847:2418,2026-03-13T16:33:20,3005.86,100.0,-105.0,23.5,-105.0,2900.86,2899.81,100.0,True,
2026-03-13T16:35:40,35,RR1.00:16-17:847:2418,2026-03-13T16:33:20,3005.86,100.0,-105.0,23.5,-105.0,2900.86,2899.81,100.0,True,
2026-03-13T16:35:40,36,RR1.00:16-17:847:2418,2026-03-13T16:33:20,3005.86,100.0,-105.0,23.5,-105.0,2900.86,2899.81,100.0,True,
2026-03-13T16:35:40,37,RR1.00:16-17:847:2418,2026-03-13T16:33:20,3005.86,100.0,-105.0,23.5,-105.0,2900.86,2899.81,100.0,True,
2026-03-13T16:35:40,38,RR1.00:16-17:847:2418,2026-03-13T16:33:20,3005.86,100.0,-105.0,23.5,-105.0,2900.86,2899.81,100.0,True,
2026-03-13T16:35:40,39,RR1.00:16-17:847:2418,2026-03-13T16:33:20,3005.86,100.0,-105.0,23.5,-105.0,2900.86,2899.81,100.0,True,
2026-03-13T16:35:40,40,RR1.00:16-17:847:2418,2026-03-13T16:33:20,3005.86,100.0,-105.0,23.5,-105.0,2900.86,2899.81,100.0,True,
2026-03-13T16:35:40,41,RR1.00:16-17:847:2418,2026-03-13T16:33:20,3005.86,100.0,-105.0,23.5,-105.0,2900.86,2899.81,100.0,True,
2026-03-13T16:35:40,42,RR1.00:16-17:847:2418,2026-03-13T16:33:20,3005.86,100.0,-105.0,23.5,-105.0,2900.86,2899.81,100.0,True,
2026-03-13T16:35:40,43,RR1.00:16-17:847:2418,2026-03-13T16:33:20,3005.86,100.0,-105.0,23.5,-105.0,2900.86,2899.81,100.0,True,
2026-03-13T16:35:40,44,RR1.00:16-17:847:2418,2026-03-13T16:33:20,3005.86,100.0,-105.0,23.5,-105.0,2900.86,2899.81,100.0,True,
2026-03-13T16:35:40,48,RR1.00:16-17:847:2418,2026-03-13T16:33:20,3005.86,100.0,-105.0,23.5,-105.0,2900.86,2899.81,100.0,True,
2026-03-13T16:35:40,49,RR1.00:16-17:847:2418,2026-03-13T16:33:20,3005.86,100.0,-105.0,23.5,-105.0,2900.86,2899.81,100.0,True,
2026-03-13T16:35:40,55,RR1.00:16-17:847:2418,2026-03-13T16:33:20,3005.86,100.0,-105.0,23.5,-105.0,2900.86,2899.81,100.0,True,
2026-03-13T16:35:40,56,RR1.00:16-17:847:2418,2026-03-13T16:33:20,3005.86,100.0,-105.0,23.5,-105.0,2900.86,2899.81,100.0,True,
2026-03-13T22:40:40,4,RR1.00:21-22:536:1988,2026-03-13T21:43:40,2899.81,100.0,-206.0,33.5,-206.0,2693.81,2692.76,100.0,True,
2026-03-13T22:40:40,30,RR1.00:21-22:536:1988,2026-03-13T21:43:40,2899.81,100.0,-206.0,33.5,-206.0,2693.81,2692.76,100.0,True,
2026-03-13T22:40:40,31,RR1.00:21-22:536:1988,2026-03-13T21:43:40,2899.81,100.0,-206.0,33.5,-206.0,2693.81,2692.76,100.0,True,
2026-03-13T22:40:40,32,RR1.00:21-22:536:1988,2026-03-13T21:43:40,2899.81,100.0,-206.0,33.5,-206.0,2693.81,2692.76,100.0,True,
2026-03-13T22:40:40,33,RR1.00:21-22:536:1988,2026-03-13T21:43:40,2899.81,100.0,-206.0,33.5,-206.0,2693.81,2692.76,100.0,True,
2026-03-13T22:40:40,34,RR1.00:21-22:536:1988,2026-03-13T21:43:40,2899.81,100.0,-206.0,33.5,-206.0,2693.81,2692.76,100.0,True,
2026-03-13T22:40:40,35,RR1.00:21-22:536:1988,2026-03-13T21:43:40,2899.81,100.0,-206.0,33.5,-206.0,2693.81,2692.76,100.0,True,
2026-03-13T22:40:40,36,RR1.00:21-22:536:1988,2026-03-13T21:43:40,2899.81,100.0,-206.0,33.5,-206.0,2693.81,2692.76,100.0,True,
2026-03-13T22:40:40,37,RR1.00:21-22:536:1988,2026-03-13T21:43:40,2899.81,100.0,-206.0,33.5,-206.0,2693.81,2692.76,100.0,True,
2026-03-13T22:40:40,38,RR1.00:21-22:536:1988,2026-03-13T21:43:40,2899.81,100.0,-206.0,33.5,-206.0,2693.81,2692.76,100.0,True,
2026-03-13T22:40:40,39,RR1.00:21-22:536:1988,2026-03-13T21:43:40,2899.81,100.0,-206.0,33.5,-206.0,2693.81,2692.76,100.0,True,
2026-03-13T22:40:40,40,RR1.00:21-22:536:1988,2026-03-13T21:43:40,2899.81,100.0,-206.0,33.5,-206.0,2693.81,2692.76,100.0,True,
2026-03-13T22:40:40,41,RR1.00:21-22:536:1988,2026-03-13T21:43:40,2899.81,100.0,-206.0,33.5,-206.0,2693.81,2692.76,100.0,True,
2026-03-13T22:40:40,42,RR1.00:21-22:536:1988,2026-03-13T21:43:40,2899.81,100.0,-206.0,33.5,-206.0,2693.81,2692.76,100.0,True,
2026-03-13T22:40:40,43,RR1.00:21-22:536:1988,2026-03-13T21:43:40,2899.81,100.0,-206.0,33.5,-206.0,2693.81,2692.76,100.0,True,
2026-03-13T22:40:40,44,RR1.00:21-22:536:1988,2026-03-13T21:43:40,2899.81,100.0,-206.0,33.5,-206.0,2693.81,2692.76,100.0,True,
2026-03-13T22:40:40,48,RR1.00:21-22:536:1988,2026-03-13T21:43:40,2899.81,100.0,-206.0,33.5,-206.0,2693.81,2692.76,100.0,True,
2026-03-13T22:40:40,49,RR1.00:21-22:536:1988,2026-03-13T21:43:40,2899.81,100.0,-206.0,33.5,-206.0,2693.81,2692.76,100.0,True,
2026-03-13T22:40:40,55,RR1.00:21-22:536:1988,2026-03-13T21:43:40,2899.81,100.0,-206.0,33.5,-206.0,2693.81,2692.76,100.0,True,
2026-03-13T22:40:40,56,RR1.00:21-22:536:1988,2026-03-13T21:43:40,2899.81,100.0,-206.0,33.5,-206.0,2693.81,2692.76,100.0,True,
2026-03-16T01:08:40,4,RR1.00:1-2:452:1836,2026-03-16T01:01:40,2692.76,100.0,-99.5,41.5,-99.5,2593.26,2592.21,100.0,True,
2026-03-16T01:08:40,30,RR1.00:1-2:452:1836,2026-03-16T01:01:40,2692.76,100.0,-99.5,41.5,-99.5,2593.26,2592.21,100.0,True,
2026-03-16T01:08:40,31,RR1.00:1-2:452:1836,2026-03-16T01:01:40,2692.76,100.0,-99.5,41.5,-99.5,2593.26,2592.21,100.0,True,
2026-03-16T01:08:40,32,RR1.00:1-2:452:1836,2026-03-16T01:01:40,2692.76,100.0,-99.5,41.5,-99.5,2593.26,2592.21,100.0,True,
2026-03-16T01:08:40,33,RR1.00:1-2:452:1836,2026-03-16T01:01:40,2692.76,100.0,-99.5,41.5,-99.5,2593.26,2592.21,100.0,True,
2026-03-16T01:08:40,34,RR1.00:1-2:452:1836,2026-03-16T01:01:40,2692.76,100.0,-99.5,41.5,-99.5,2593.26,2592.21,100.0,True,
2026-03-16T01:08:40,35,RR1.00:1-2:452:1836,2026-03-16T01:01:40,2692.76,100.0,-99.5,41.5,-99.5,2593.26,2592.21,100.0,True,
2026-03-16T01:08:40,36,RR1.00:1-2:452:1836,2026-03-16T01:01:40,2692.76,100.0,-99.5,41.5,-99.5,2593.26,2592.21,100.0,True,
2026-03-16T01:08:40,37,RR1.00:1-2:452:1836,2026-03-16T01:01:40,2692.76,100.0,-99.5,41.5,-99.5,2593.26,2592.21,100.0,True,
2026-03-16T01:08:40,38,RR1.00:1-2:452:1836,2026-03-16T01:01:40,2692.76,100.0,-99.5,41.5,-99.5,2593.26,2592.21,100.0,True,
2026-03-16T01:08:40,39,RR1.00:1-2:452:1836,2026-03-16T01:01:40,2692.76,100.0,-99.5,41.5,-99.5,2593.26,2592.21,100.0,True,
2026-03-16T01:08:40,40,RR1.00:1-2:452:1836,2026-03-16T01:01:40,2692.76,100.0,-99.5,41.5,-99.5,2593.26,2592.21,100.0,True,
2026-03-16T01:08:40,41,RR1.00:1-2:452:1836,2026-03-16T01:01:40,2692.76,100.0,-99.5,41.5,-99.5,2593.26,2592.21,100.0,True,
2026-03-16T01:08:40,42,RR1.00:1-2:452:1836,2026-03-16T01:01:40,2692.76,100.0,-99.5,41.5,-99.5,2593.26,2592.21,100.0,True,
2026-03-16T01:08:40,43,RR1.00:1-2:452:1836,2026-03-16T01:01:40,2692.76,100.0,-99.5,41.5,-99.5,2593.26,2592.21,100.0,True,
2026-03-16T01:08:40,44,RR1.00:1-2:452:1836,2026-03-16T01:01:40,2692.76,100.0,-99.5,41.5,-99.5,2593.26,2592.21,100.0,True,
2026-03-16T01:08:40,48,RR1.00:1-2:452:1836,2026-03-16T01:01:40,2692.76,100.0,-99.5,41.5,-99.5,2593.26,2592.21,100.0,True,
2026-03-16T01:08:40,49,RR1.00:1-2:452:1836,2026-03-16T01:01:40,2692.76,100.0,-99.5,41.5,-99.5,2593.26,2592.21,100.0,True,
2026-03-16T01:08:40,55,RR1.00:1-2:452:1836,2026-03-16T01:01:40,2692.76,100.0,-99.5,41.5,-99.5,2593.26,2592.21,100.0,True,
2026-03-16T01:08:40,56,RR1.00:1-2:452:1836,2026-03-16T01:01:40,2692.76,100.0,-99.5,41.5,-99.5,2593.26,2592.21,100.0,True,
2026-03-16T05:15:40,4,RR1.00:4-5:529:2056,2026-03-16T04:54:40,2592.21,100.0,-66.0,4.0,-66.0,2526.21,2525.16,100.0,True,
2026-03-16T05:15:40,30,RR1.00:4-5:529:2056,2026-03-16T04:54:40,2592.21,100.0,-66.0,4.0,-66.0,2526.21,2525.16,100.0,True,
2026-03-16T05:15:40,31,RR1.00:4-5:529:2056,2026-03-16T04:54:40,2592.21,100.0,-66.0,4.0,-66.0,2526.21,2525.16,100.0,True,
2026-03-16T05:15:40,32,RR1.00:4-5:529:2056,2026-03-16T04:54:40,2592.21,100.0,-66.0,4.0,-66.0,2526.21,2525.16,100.0,True,
2026-03-16T05:15:40,33,RR1.00:4-5:529:2056,2026-03-16T04:54:40,2592.21,100.0,-66.0,4.0,-66.0,2526.21,2525.16,100.0,True,
2026-03-16T05:15:40,34,RR1.00:4-5:529:2056,2026-03-16T04:54:40,2592.21,100.0,-66.0,4.0,-66.0,2526.21,2525.16,100.0,True,
2026-03-16T05:15:40,35,RR1.00:4-5:529:2056,2026-03-16T04:54:40,2592.21,100.0,-66.0,4.0,-66.0,2526.21,2525.16,100.0,True,
2026-03-16T05:15:40,36,RR1.00:4-5:529:2056,2026-03-16T04:54:40,2592.21,100.0,-66.0,4.0,-66.0,2526.21,2525.16,100.0,True,
2026-03-16T05:15:40,37,RR1.00:4-5:529:2056,2026-03-16T04:54:40,2592.21,100.0,-66.0,4.0,-66.0,2526.21,2525.16,100.0,True,
2026-03-16T05:15:40,38,RR1.00:4-5:529:2056,2026-03-16T04:54:40,2592.21,100.0,-66.0,4.0,-66.0,2526.21,2525.16,100.0,True,
2026-03-16T05:15:40,39,RR1.00:4-5:529:2056,2026-03-16T04:54:40,2592.21,100.0,-66.0,4.0,-66.0,2526.21,2525.16,100.0,True,
2026-03-16T05:15:40,40,RR1.00:4-5:529:2056,2026-03-16T04:54:40,2592.21,100.0,-66.0,4.0,-66.0,2526.21,2525.16,100.0,True,
2026-03-16T05:15:40,41,RR1.00:4-5:529:2056,2026-03-16T04:54:40,2592.21,100.0,-66.0,4.0,-66.0,2526.21,2525.16,100.0,True,
2026-03-16T05:15:40,42,RR1.00:4-5:529:2056,2026-03-16T04:54:40,2592.21,100.0,-66.0,4.0,-66.0,2526.21,2525.16,100.0,True,
2026-03-16T05:15:40,43,RR1.00:4-5:529:2056,2026-03-16T04:54:40,2592.21,100.0,-66.0,4.0,-66.0,2526.21,2525.16,100.0,True,
2026-03-16T05:15:40,44,RR1.00:4-5:529:2056,2026-03-16T04:54:40,2592.21,100.0,-66.0,4.0,-66.0,2526.21,2525.16,100.0,True,
2026-03-16T05:15:40,48,RR1.00:4-5:529:2056,2026-03-16T04:54:40,2592.21,100.0,-66.0,4.0,-66.0,2526.21,2525.16,100.0,True,
2026-03-16T05:15:40,49,RR1.00:4-5:529:2056,2026-03-16T04:54:40,2592.21,100.0,-66.0,4.0,-66.0,2526.21,2525.16,100.0,True,
2026-03-16T05:15:40,55,RR1.00:4-5:529:2056,2026-03-16T04:54:40,2592.21,100.0,-66.0,4.0,-66.0,2526.21,2525.16,100.0,True,
2026-03-16T05:15:40,56,RR1.00:4-5:529:2056,2026-03-16T04:54:40,2592.21,100.0,-66.0,4.0,-66.0,2526.21,2525.16,100.0,True,
2026-03-16T10:00:00,4,RR1.00:8-9:601:2136,2026-03-16T08:38:40,2525.16,100.0,-5.0,67.0,60.0,2520.16,2584.11,100.0,True,
2026-03-16T10:00:00,30,RR1.00:8-9:601:2136,2026-03-16T08:38:40,2525.16,100.0,-5.0,67.0,60.0,2520.16,2584.11,100.0,True,
2026-03-16T10:00:00,31,RR1.00:8-9:601:2136,2026-03-16T08:38:40,2525.16,100.0,-5.0,67.0,60.0,2520.16,2584.11,100.0,True,
2026-03-16T10:00:00,32,RR1.00:8-9:601:2136,2026-03-16T08:38:40,2525.16,100.0,-5.0,67.0,60.0,2520.16,2584.11,100.0,True,
2026-03-16T10:00:00,33,RR1.00:8-9:601:2136,2026-03-16T08:38:40,2525.16,100.0,-5.0,67.0,60.0,2520.16,2584.11,100.0,True,
2026-03-16T10:00:00,34,RR1.00:8-9:601:2136,2026-03-16T08:38:40,2525.16,100.0,-5.0,67.0,60.0,2520.16,2584.11,100.0,True,
2026-03-16T10:00:00,35,RR1.00:8-9:601:2136,2026-03-16T08:38:40,2525.16,100.0,-5.0,67.0,60.0,2520.16,2584.11,100.0,True,
2026-03-16T10:00:00,36,RR1.00:8-9:601:2136,2026-03-16T08:38:40,2525.16,100.0,-5.0,67.0,60.0,2520.16,2584.11,100.0,True,
2026-03-16T10:00:00,37,RR1.00:8-9:601:2136,2026-03-16T08:38:40,2525.16,100.0,-5.0,67.0,60.0,2520.16,2584.11,100.0,True,
2026-03-16T10:00:00,38,RR1.00:8-9:601:2136,2026-03-16T08:38:40,2525.16,100.0,-5.0,67.0,60.0,2520.16,2584.11,100.0,True,
2026-03-16T10:00:00,39,RR1.00:8-9:601:2136,2026-03-16T08:38:40,2525.16,100.0,-5.0,67.0,60.0,2520.16,2584.11,100.0,True,
2026-03-16T10:00:00,40,RR1.00:8-9:601:2136,2026-03-16T08:38:40,2525.16,100.0,-5.0,67.0,60.0,2520.16,2584.11,100.0,True,
2026-03-16T10:00:00,41,RR1.00:8-9:601:2136,2026-03-16T08:38:40,2525.16,100.0,-5.0,67.0,60.0,2520.16,2584.11,100.0,True,
2026-03-16T10:00:00,42,RR1.00:8-9:601:2136,2026-03-16T08:38:40,2525.16,100.0,-5.0,67.0,60.0,2520.16,2584.11,100.0,True,
2026-03-16T10:00:00,43,RR1.00:8-9:601:2136,2026-03-16T08:38:40,2525.16,100.0,-5.0,67.0,60.0,2520.16,2584.11,100.0,True,
2026-03-16T10:00:00,44,RR1.00:8-9:601:2136,2026-03-16T08:38:40,2525.16,100.0,-5.0,67.0,60.0,2520.16,2584.11,100.0,True,
2026-03-16T10:00:00,48,RR1.00:8-9:601:2136,2026-03-16T08:38:40,2525.16,100.0,-5.0,67.0,60.0,2520.16,2584.11,100.0,True,
2026-03-16T10:00:00,49,RR1.00:8-9:601:2136,2026-03-16T08:38:40,2525.16,100.0,-5.0,67.0,60.0,2520.16,2584.11,100.0,True,
2026-03-16T10:00:00,55,RR1.00:8-9:601:2136,2026-03-16T08:38:40,2525.16,100.0,-5.0,67.0,60.0,2520.16,2584.11,100.0,True,
2026-03-16T10:00:00,56,RR1.00:8-9:601:2136,2026-03-16T08:38:40,2525.16,100.0,-5.0,67.0,60.0,2520.16,2584.11,100.0,True,
2026-03-16T10:27:40,4,RR1.00:9-10:556:2055,2026-03-16T09:56:40,2584.11,100.0,-57.5,41.0,-57.5,2526.61,2525.56,100.0,True,
2026-03-16T10:27:40,30,RR1.00:9-10:556:2055,2026-03-16T09:56:40,2584.11,100.0,-57.5,41.0,-57.5,2526.61,2525.56,100.0,True,
2026-03-16T10:27:40,31,RR1.00:9-10:556:2055,2026-03-16T09:56:40,2584.11,100.0,-57.5,41.0,-57.5,2526.61,2525.56,100.0,True,
2026-03-16T10:27:40,32,RR1.00:9-10:556:2055,2026-03-16T09:56:40,2584.11,100.0,-57.5,41.0,-57.5,2526.61,2525.56,100.0,True,
2026-03-16T10:27:40,33,RR1.00:9-10:556:2055,2026-03-16T09:56:40,2584.11,100.0,-57.5,41.0,-57.5,2526.61,2525.56,100.0,True,
2026-03-16T10:27:40,34,RR1.00:9-10:556:2055,2026-03-16T09:56:40,2584.11,100.0,-57.5,41.0,-57.5,2526.61,2525.56,100.0,True,
2026-03-16T10:27:40,35,RR1.00:9-10:556:2055,2026-03-16T09:56:40,2584.11,100.0,-57.5,41.0,-57.5,2526.61,2525.56,100.0,True,
2026-03-16T10:27:40,36,RR1.00:9-10:556:2055,2026-03-16T09:56:40,2584.11,100.0,-57.5,41.0,-57.5,2526.61,2525.56,100.0,True,
2026-03-16T10:27:40,37,RR1.00:9-10:556:2055,2026-03-16T09:56:40,2584.11,100.0,-57.5,41.0,-57.5,2526.61,2525.56,100.0,True,
2026-03-16T10:27:40,38,RR1.00:9-10:556:2055,2026-03-16T09:56:40,2584.11,100.0,-57.5,41.0,-57.5,2526.61,2525.56,100.0,True,
2026-03-16T10:27:40,39,RR1.00:9-10:556:2055,2026-03-16T09:56:40,2584.11,100.0,-57.5,41.0,-57.5,2526.61,2525.56,100.0,True,
2026-03-16T10:27:40,40,RR1.00:9-10:556:2055,2026-03-16T09:56:40,2584.11,100.0,-57.5,41.0,-57.5,2526.61,2525.56,100.0,True,
2026-03-16T10:27:40,41,RR1.00:9-10:556:2055,2026-03-16T09:56:40,2584.11,100.0,-57.5,41.0,-57.5,2526.61,2525.56,100.0,True,
2026-03-16T10:27:40,42,RR1.00:9-10:556:2055,2026-03-16T09:56:40,2584.11,100.0,-57.5,41.0,-57.5,2526.61,2525.56,100.0,True,
2026-03-16T10:27:40,43,RR1.00:9-10:556:2055,2026-03-16T09:56:40,2584.11,100.0,-57.5,41.0,-57.5,2526.61,2525.56,100.0,True,
2026-03-16T10:27:40,44,RR1.00:9-10:556:2055,2026-03-16T09:56:40,2584.11,100.0,-57.5,41.0,-57.5,2526.61,2525.56,100.0,True,
2026-03-16T10:27:40,48,RR1.00:9-10:556:2055,2026-03-16T09:56:40,2584.11,100.0,-57.5,41.0,-57.5,2526.61,2525.56,100.0,True,
2026-03-16T10:27:40,49,RR1.00:9-10:556:2055,2026-03-16T09:56:40,2584.11,100.0,-57.5,41.0,-57.5,2526.61,2525.56,100.0,True,
2026-03-16T10:27:40,55,RR1.00:9-10:556:2055,2026-03-16T09:56:40,2584.11,100.0,-57.5,41.0,-57.5,2526.61,2525.56,100.0,True,
2026-03-16T10:27:40,56,RR1.00:9-10:556:2055,2026-03-16T09:56:40,2584.11,100.0,-57.5,41.0,-57.5,2526.61,2525.56,100.0,True,
2026-03-16T11:20:40,4,RR1.00:11-12:457:1965,2026-03-16T11:02:40,2525.56,100.0,-75.5,57.5,-75.5,2450.06,2449.01,100.0,True,
2026-03-16T11:20:40,30,RR1.00:11-12:457:1965,2026-03-16T11:02:40,2525.56,100.0,-75.5,57.5,-75.5,2450.06,2449.01,100.0,True,
2026-03-16T11:20:40,31,RR1.00:11-12:457:1965,2026-03-16T11:02:40,2525.56,100.0,-75.5,57.5,-75.5,2450.06,2449.01,100.0,True,
2026-03-16T11:20:40,32,RR1.00:11-12:457:1965,2026-03-16T11:02:40,2525.56,100.0,-75.5,57.5,-75.5,2450.06,2449.01,100.0,True,
2026-03-16T11:20:40,33,RR1.00:11-12:457:1965,2026-03-16T11:02:40,2525.56,100.0,-75.5,57.5,-75.5,2450.06,2449.01,100.0,True,
2026-03-16T11:20:40,34,RR1.00:11-12:457:1965,2026-03-16T11:02:40,2525.56,100.0,-75.5,57.5,-75.5,2450.06,2449.01,100.0,True,
2026-03-16T11:20:40,35,RR1.00:11-12:457:1965,2026-03-16T11:02:40,2525.56,100.0,-75.5,57.5,-75.5,2450.06,2449.01,100.0,True,
2026-03-16T11:20:40,36,RR1.00:11-12:457:1965,2026-03-16T11:02:40,2525.56,100.0,-75.5,57.5,-75.5,2450.06,2449.01,100.0,True,
2026-03-16T11:20:40,37,RR1.00:11-12:457:1965,2026-03-16T11:02:40,2525.56,100.0,-75.5,57.5,-75.5,2450.06,2449.01,100.0,True,
2026-03-16T11:20:40,38,RR1.00:11-12:457:1965,2026-03-16T11:02:40,2525.56,100.0,-75.5,57.5,-75.5,2450.06,2449.01,100.0,True,
2026-03-16T11:20:40,39,RR1.00:11-12:457:1965,2026-03-16T11:02:40,2525.56,100.0,-75.5,57.5,-75.5,2450.06,2449.01,100.0,True,
2026-03-16T11:20:40,40,RR1.00:11-12:457:1965,2026-03-16T11:02:40,2525.56,100.0,-75.5,57.5,-75.5,2450.06,2449.01,100.0,True,
2026-03-16T11:20:40,41,RR1.00:11-12:457:1965,2026-03-16T11:02:40,2525.56,100.0,-75.5,57.5,-75.5,2450.06,2449.01,100.0,True,
2026-03-16T11:20:40,42,RR1.00:11-12:457:1965,2026-03-16T11:02:40,2525.56,100.0,-75.5,57.5,-75.5,2450.06,2449.01,100.0,True,
2026-03-16T11:20:40,43,RR1.00:11-12:457:1965,2026-03-16T11:02:40,2525.56,100.0,-75.5,57.5,-75.5,2450.06,2449.01,100.0,True,
2026-03-16T11:20:40,44,RR1.00:11-12:457:1965,2026-03-16T11:02:40,2525.56,100.0,-75.5,57.5,-75.5,2450.06,2449.01,100.0,True,
2026-03-16T11:20:40,48,RR1.00:11-12:457:1965,2026-03-16T11:02:40,2525.56,100.0,-75.5,57.5,-75.5,2450.06,2449.01,100.0,True,
2026-03-16T11:20:40,49,RR1.00:11-12:457:1965,2026-03-16T11:02:40,2525.56,100.0,-75.5,57.5,-75.5,2450.06,2449.01,100.0,True,
2026-03-16T11:20:40,55,RR1.00:11-12:457:1965,2026-03-16T11:02:40,2525.56,100.0,-75.5,57.5,-75.5,2450.06,2449.01,100.0,True,
2026-03-16T11:20:40,56,RR1.00:11-12:457:1965,2026-03-16T11:02:40,2525.56,100.0,-75.5,57.5,-75.5,2450.06,2449.01,100.0,True,
2026-03-16T13:30:00,4,RR1.00:13-14:570:2108,2026-03-16T13:03:40,2449.01,100.0,-41.5,133.5,110.5,2407.51,2558.46,100.0,True,
2026-03-16T13:30:00,30,RR1.00:13-14:570:2108,2026-03-16T13:03:40,2449.01,100.0,-41.5,133.5,110.5,2407.51,2558.46,100.0,True,
2026-03-16T13:30:00,31,RR1.00:13-14:570:2108,2026-03-16T13:03:40,2449.01,100.0,-41.5,133.5,110.5,2407.51,2558.46,100.0,True,
2026-03-16T13:30:00,32,RR1.00:13-14:570:2108,2026-03-16T13:03:40,2449.01,100.0,-41.5,133.5,110.5,2407.51,2558.46,100.0,True,
2026-03-16T13:30:00,33,RR1.00:13-14:570:2108,2026-03-16T13:03:40,2449.01,100.0,-41.5,133.5,110.5,2407.51,2558.46,100.0,True,
2026-03-16T13:30:00,34,RR1.00:13-14:570:2108,2026-03-16T13:03:40,2449.01,100.0,-41.5,133.5,110.5,2407.51,2558.46,100.0,True,
2026-03-16T13:30:00,35,RR1.00:13-14:570:2108,2026-03-16T13:03:40,2449.01,100.0,-41.5,133.5,110.5,2407.51,2558.46,100.0,True,
2026-03-16T13:30:00,36,RR1.00:13-14:570:2108,2026-03-16T13:03:40,2449.01,100.0,-41.5,133.5,110.5,2407.51,2558.46,100.0,True,
2026-03-16T13:30:00,37,RR1.00:13-14:570:2108,2026-03-16T13:03:40,2449.01,100.0,-41.5,133.5,110.5,2407.51,2558.46,100.0,True,
2026-03-16T13:30:00,38,RR1.00:13-14:570:2108,2026-03-16T13:03:40,2449.01,100.0,-41.5,133.5,110.5,2407.51,2558.46,100.0,True,
2026-03-16T13:30:00,39,RR1.00:13-14:570:2108,2026-03-16T13:03:40,2449.01,100.0,-41.5,133.5,110.5,2407.51,2558.46,100.0,True,
2026-03-16T13:30:00,40,RR1.00:13-14:570:2108,2026-03-16T13:03:40,2449.01,100.0,-41.5,133.5,110.5,2407.51,2558.46,100.0,True,
2026-03-16T13:30:00,41,RR1.00:13-14:570:2108,2026-03-16T13:03:40,2449.01,100.0,-41.5,133.5,110.5,2407.51,2558.46,100.0,True,
2026-03-16T13:30:00,42,RR1.00:13-14:570:2108,2026-03-16T13:03:40,2449.01,100.0,-41.5,133.5,110.5,2407.51,2558.46,100.0,True,
2026-03-16T13:30:00,43,RR1.00:13-14:570:2108,2026-03-16T13:03:40,2449.01,100.0,-41.5,133.5,110.5,2407.51,2558.46,100.0,True,
2026-03-16T13:30:00,44,RR1.00:13-14:570:2108,2026-03-16T13:03:40,2449.01,100.0,-41.5,133.5,110.5,2407.51,2558.46,100.0,True,
2026-03-16T13:30:00,48,RR1.00:13-14:570:2108,2026-03-16T13:03:40,2449.01,100.0,-41.5,133.5,110.5,2407.51,2558.46,100.0,True,
2026-03-16T13:30:00,49,RR1.00:13-14:570:2108,2026-03-16T13:03:40,2449.01,100.0,-41.5,133.5,110.5,2407.51,2558.46,100.0,True,
2026-03-16T13:30:00,55,RR1.00:13-14:570:2108,2026-03-16T13:03:40,2449.01,100.0,-41.5,133.5,110.5,2407.51,2558.46,100.0,True,
2026-03-16T13:30:00,56,RR1.00:13-14:570:2108,2026-03-16T13:03:40,2449.01,100.0,-41.5,133.5,110.5,2407.51,2558.46,100.0,True,
2026-03-16T15:30:00,4,RR1.00:14-15:531:2011,2026-03-16T14:36:40,2558.46,100.0,-6.0,133.5,106.0,2552.46,2663.41,100.0,True,
2026-03-16T15:30:00,30,RR1.00:14-15:531:2011,2026-03-16T14:36:40,2558.46,100.0,-6.0,133.5,106.0,2552.46,2663.41,100.0,True,
2026-03-16T15:30:00,31,RR1.00:14-15:531:2011,2026-03-16T14:36:40,2558.46,100.0,-6.0,133.5,106.0,2552.46,2663.41,100.0,True,
2026-03-16T15:30:00,32,RR1.00:14-15:531:2011,2026-03-16T14:36:40,2558.46,100.0,-6.0,133.5,106.0,2552.46,2663.41,100.0,True,
2026-03-16T15:30:00,33,RR1.00:14-15:531:2011,2026-03-16T14:36:40,2558.46,100.0,-6.0,133.5,106.0,2552.46,2663.41,100.0,True,
2026-03-16T15:30:00,34,RR1.00:14-15:531:2011,2026-03-16T14:36:40,2558.46,100.0,-6.0,133.5,106.0,2552.46,2663.41,100.0,True,
2026-03-16T15:30:00,35,RR1.00:14-15:531:2011,2026-03-16T14:36:40,2558.46,100.0,-6.0,133.5,106.0,2552.46,2663.41,100.0,True,
2026-03-16T15:30:00,36,RR1.00:14-15:531:2011,2026-03-16T14:36:40,2558.46,100.0,-6.0,133.5,106.0,2552.46,2663.41,100.0,True,
2026-03-16T15:30:00,37,RR1.00:14-15:531:2011,2026-03-16T14:36:40,2558.46,100.0,-6.0,133.5,106.0,2552.46,2663.41,100.0,True,
2026-03-16T15:30:00,38,RR1.00:14-15:531:2011,2026-03-16T14:36:40,2558.46,100.0,-6.0,133.5,106.0,2552.46,2663.41,100.0,True,
2026-03-16T15:30:00,39,RR1.00:14-15:531:2011,2026-03-16T14:36:40,2558.46,100.0,-6.0,133.5,106.0,2552.46,2663.41,100.0,True,
2026-03-16T15:30:00,40,RR1.00:14-15:531:2011,2026-03-16T14:36:40,2558.46,100.0,-6.0,133.5,106.0,2552.46,2663.41,100.0,True,
2026-03-16T15:30:00,41,RR1.00:14-15:531:2011,2026-03-16T14:36:40,2558.46,100.0,-6.0,133.5,106.0,2552.46,2663.41,100.0,True,
2026-03-16T15:30:00,42,RR1.00:14-15:531:2011,2026-03-16T14:36:40,2558.46,100.0,-6.0,133.5,106.0,2552.46,2663.41,100.0,True,
2026-03-16T15:30:00,43,RR1.00:14-15:531:2011,2026-03-16T14:36:40,2558.46,100.0,-6.0,133.5,106.0,2552.46,2663.41,100.0,True,
2026-03-16T15:30:00,44,RR1.00:14-15:531:2011,2026-03-16T14:36:40,2558.46,100.0,-6.0,133.5,106.0,2552.46,2663.41,100.0,True,
2026-03-16T15:30:00,48,RR1.00:14-15:531:2011,2026-03-16T14:36:40,2558.46,100.0,-6.0,133.5,106.0,2552.46,2663.41,100.0,True,
2026-03-16T15:30:00,49,RR1.00:14-15:531:2011,2026-03-16T14:36:40,2558.46,100.0,-6.0,133.5,106.0,2552.46,2663.41,100.0,True,
2026-03-16T15:30:00,55,RR1.00:14-15:531:2011,2026-03-16T14:36:40,2558.46,100.0,-6.0,133.5,106.0,2552.46,2663.41,100.0,True,
2026-03-16T15:30:00,56,RR1.00:14-15:531:2011,2026-03-16T14:36:40,2558.46,100.0,-6.0,133.5,106.0,2552.46,2663.41,100.0,True,
2026-03-16T17:00:00,4,RR1.00:16-17:848:2421,2026-03-16T16:31:40,2663.41,100.0,-44.0,124.0,107.5,2619.41,2769.86,100.0,True,
2026-03-16T17:00:00,30,RR1.00:16-17:848:2421,2026-03-16T16:31:40,2663.41,100.0,-44.0,124.0,107.5,2619.41,2769.86,100.0,True,
2026-03-16T17:00:00,31,RR1.00:16-17:848:2421,2026-03-16T16:31:40,2663.41,100.0,-44.0,124.0,107.5,2619.41,2769.86,100.0,True,
2026-03-16T17:00:00,32,RR1.00:16-17:848:2421,2026-03-16T16:31:40,2663.41,100.0,-44.0,124.0,107.5,2619.41,2769.86,100.0,True,
2026-03-16T17:00:00,33,RR1.00:16-17:848:2421,2026-03-16T16:31:40,2663.41,100.0,-44.0,124.0,107.5,2619.41,2769.86,100.0,True,
2026-03-16T17:00:00,34,RR1.00:16-17:848:2421,2026-03-16T16:31:40,2663.41,100.0,-44.0,124.0,107.5,2619.41,2769.86,100.0,True,
2026-03-16T17:00:00,35,RR1.00:16-17:848:2421,2026-03-16T16:31:40,2663.41,100.0,-44.0,124.0,107.5,2619.41,2769.86,100.0,True,
2026-03-16T17:00:00,36,RR1.00:16-17:848:2421,2026-03-16T16:31:40,2663.41,100.0,-44.0,124.0,107.5,2619.41,2769.86,100.0,True,
2026-03-16T17:00:00,37,RR1.00:16-17:848:2421,2026-03-16T16:31:40,2663.41,100.0,-44.0,124.0,107.5,2619.41,2769.86,100.0,True,
2026-03-16T17:00:00,38,RR1.00:16-17:848:2421,2026-03-16T16:31:40,2663.41,100.0,-44.0,124.0,107.5,2619.41,2769.86,100.0,True,
2026-03-16T17:00:00,39,RR1.00:16-17:848:2421,2026-03-16T16:31:40,2663.41,100.0,-44.0,124.0,107.5,2619.41,2769.86,100.0,True,
2026-03-16T17:00:00,40,RR1.00:16-17:848:2421,2026-03-16T16:31:40,2663.41,100.0,-44.0,124.0,107.5,2619.41,2769.86,100.0,True,
2026-03-16T17:00:00,41,RR1.00:16-17:848:2421,2026-03-16T16:31:40,2663.41,100.0,-44.0,124.0,107.5,2619.41,2769.86,100.0,True,
2026-03-16T17:00:00,42,RR1.00:16-17:848:2421,2026-03-16T16:31:40,2663.41,100.0,-44.0,124.0,107.5,2619.41,2769.86,100.0,True,
2026-03-16T17:00:00,43,RR1.00:16-17:848:2421,2026-03-16T16:31:40,2663.41,100.0,-44.0,124.0,107.5,2619.41,2769.86,100.0,True,
2026-03-16T17:00:00,44,RR1.00:16-17:848:2421,2026-03-16T16:31:40,2663.41,100.0,-44.0,124.0,107.5,2619.41,2769.86,100.0,True,
2026-03-16T17:00:00,48,RR1.00:16-17:848:2421,2026-03-16T16:31:40,2663.41,100.0,-44.0,124.0,107.5,2619.41,2769.86,100.0,True,
2026-03-16T17:00:00,49,RR1.00:16-17:848:2421,2026-03-16T16:31:40,2663.41,100.0,-44.0,124.0,107.5,2619.41,2769.86,100.0,True,
2026-03-16T17:00:00,55,RR1.00:16-17:848:2421,2026-03-16T16:31:40,2663.41,100.0,-44.0,124.0,107.5,2619.41,2769.86,100.0,True,
2026-03-16T17:00:00,56,RR1.00:16-17:848:2421,2026-03-16T16:31:40,2663.41,100.0,-44.0,124.0,107.5,2619.41,2769.86,100.0,True,
2026-03-16T22:14:20,4,RR1.00:22-23:553:2000,2026-03-16T22:09:40,2769.86,100.0,-68.0,161.5,-68.0,2701.86,2700.81,100.0,True,
2026-03-16T22:14:20,30,RR1.00:22-23:553:2000,2026-03-16T22:09:40,2769.86,100.0,-68.0,161.5,-68.0,2701.86,2700.81,100.0,True,
2026-03-16T22:14:20,31,RR1.00:22-23:553:2000,2026-03-16T22:09:40,2769.86,100.0,-68.0,161.5,-68.0,2701.86,2700.81,100.0,True,
2026-03-16T22:14:20,32,RR1.00:22-23:553:2000,2026-03-16T22:09:40,2769.86,100.0,-68.0,161.5,-68.0,2701.86,2700.81,100.0,True,
2026-03-16T22:14:20,33,RR1.00:22-23:553:2000,2026-03-16T22:09:40,2769.86,100.0,-68.0,161.5,-68.0,2701.86,2700.81,100.0,True,
2026-03-16T22:14:20,34,RR1.00:22-23:553:2000,2026-03-16T22:09:40,2769.86,100.0,-68.0,161.5,-68.0,2701.86,2700.81,100.0,True,
2026-03-16T22:14:20,35,RR1.00:22-23:553:2000,2026-03-16T22:09:40,2769.86,100.0,-68.0,161.5,-68.0,2701.86,2700.81,100.0,True,
2026-03-16T22:14:20,36,RR1.00:22-23:553:2000,2026-03-16T22:09:40,2769.86,100.0,-68.0,161.5,-68.0,2701.86,2700.81,100.0,True,
2026-03-16T22:14:20,37,RR1.00:22-23:553:2000,2026-03-16T22:09:40,2769.86,100.0,-68.0,161.5,-68.0,2701.86,2700.81,100.0,True,
2026-03-16T22:14:20,38,RR1.00:22-23:553:2000,2026-03-16T22:09:40,2769.86,100.0,-68.0,161.5,-68.0,2701.86,2700.81,100.0,True,
2026-03-16T22:14:20,39,RR1.00:22-23:553:2000,2026-03-16T22:09:40,2769.86,100.0,-68.0,161.5,-68.0,2701.86,2700.81,100.0,True,
2026-03-16T22:14:20,40,RR1.00:22-23:553:2000,2026-03-16T22:09:40,2769.86,100.0,-68.0,161.5,-68.0,2701.86,2700.81,100.0,True,
2026-03-16T22:14:20,41,RR1.00:22-23:553:2000,2026-03-16T22:09:40,2769.86,100.0,-68.0,161.5,-68.0,2701.86,2700.81,100.0,True,
2026-03-16T22:14:20,42,RR1.00:22-23:553:2000,2026-03-16T22:09:40,2769.86,100.0,-68.0,161.5,-68.0,2701.86,2700.81,100.0,True,
2026-03-16T22:14:20,43,RR1.00:22-23:553:2000,2026-03-16T22:09:40,2769.86,100.0,-68.0,161.5,-68.0,2701.86,2700.81,100.0,True,
2026-03-16T22:14:20,44,RR1.00:22-23:553:2000,2026-03-16T22:09:40,2769.86,100.0,-68.0,161.5,-68.0,2701.86,2700.81,100.0,True,
2026-03-16T22:14:20,48,RR1.00:22-23:553:2000,2026-03-16T22:09:40,2769.86,100.0,-68.0,161.5,-68.0,2701.86,2700.81,100.0,True,
2026-03-16T22:14:20,49,RR1.00:22-23:553:2000,2026-03-16T22:09:40,2769.86,100.0,-68.0,161.5,-68.0,2701.86,2700.81,100.0,True,
2026-03-16T22:14:20,55,RR1.00:22-23:553:2000,2026-03-16T22:09:40,2769.86,100.0,-68.0,161.5,-68.0,2701.86,2700.81,100.0,True,
2026-03-16T22:14:20,56,RR1.00:22-23:553:2000,2026-03-16T22:09:40,2769.86,100.0,-68.0,161.5,-68.0,2701.86,2700.81,100.0,True,
2026-03-16T22:43:20,4,RR1.00:21-22:537:1990,2026-03-16T21:06:40,2700.81,100.0,-120.0,208.5,-120.0,2580.81,2579.76,100.0,True,
2026-03-16T22:43:20,30,RR1.00:21-22:537:1990,2026-03-16T21:06:40,2700.81,100.0,-120.0,208.5,-120.0,2580.81,2579.76,100.0,True,
2026-03-16T22:43:20,31,RR1.00:21-22:537:1990,2026-03-16T21:06:40,2700.81,100.0,-120.0,208.5,-120.0,2580.81,2579.76,100.0,True,
2026-03-16T22:43:20,32,RR1.00:21-22:537:1990,2026-03-16T21:06:40,2700.81,100.0,-120.0,208.5,-120.0,2580.81,2579.76,100.0,True,
2026-03-16T22:43:20,33,RR1.00:21-22:537:1990,2026-03-16T21:06:40,2700.81,100.0,-120.0,208.5,-120.0,2580.81,2579.76,100.0,True,
2026-03-16T22:43:20,34,RR1.00:21-22:537:1990,2026-03-16T21:06:40,2700.81,100.0,-120.0,208.5,-120.0,2580.81,2579.76,100.0,True,
2026-03-16T22:43:20,35,RR1.00:21-22:537:1990,2026-03-16T21:06:40,2700.81,100.0,-120.0,208.5,-120.0,2580.81,2579.76,100.0,True,
2026-03-16T22:43:20,36,RR1.00:21-22:537:1990,2026-03-16T21:06:40,2700.81,100.0,-120.0,208.5,-120.0,2580.81,2579.76,100.0,True,
2026-03-16T22:43:20,37,RR1.00:21-22:537:1990,2026-03-16T21:06:40,2700.81,100.0,-120.0,208.5,-120.0,2580.81,2579.76,100.0,True,
2026-03-16T22:43:20,38,RR1.00:21-22:537:1990,2026-03-16T21:06:40,2700.81,100.0,-120.0,208.5,-120.0,2580.81,2579.76,100.0,True,
2026-03-16T22:43:20,39,RR1.00:21-22:537:1990,2026-03-16T21:06:40,2700.81,100.0,-120.0,208.5,-120.0,2580.81,2579.76,100.0,True,
2026-03-16T22:43:20,40,RR1.00:21-22:537:1990,2026-03-16T21:06:40,2700.81,100.0,-120.0,208.5,-120.0,2580.81,2579.76,100.0,True,
2026-03-16T22:43:20,41,RR1.00:21-22:537:1990,2026-03-16T21:06:40,2700.81,100.0,-120.0,208.5,-120.0,2580.81,2579.76,100.0,True,
2026-03-16T22:43:20,42,RR1.00:21-22:537:1990,2026-03-16T21:06:40,2700.81,100.0,-120.0,208.5,-120.0,2580.81,2579.76,100.0,True,
2026-03-16T22:43:20,43,RR1.00:21-22:537:1990,2026-03-16T21:06:40,2700.81,100.0,-120.0,208.5,-120.0,2580.81,2579.76,100.0,True,
2026-03-16T22:43:20,44,RR1.00:21-22:537:1990,2026-03-16T21:06:40,2700.81,100.0,-120.0,208.5,-120.0,2580.81,2579.76,100.0,True,
2026-03-16T22:43:20,48,RR1.00:21-22:537:1990,2026-03-16T21:06:40,2700.81,100.0,-120.0,208.5,-120.0,2580.81,2579.76,100.0,True,
2026-03-16T22:43:20,49,RR1.00:21-22:537:1990,2026-03-16T21:06:40,2700.81,100.0,-120.0,208.5,-120.0,2580.81,2579.76,100.0,True,
2026-03-16T22:43:20,55,RR1.00:21-22:537:1990,2026-03-16T21:06:40,2700.81,100.0,-120.0,208.5,-120.0,2580.81,2579.76,100.0,True,
2026-03-16T22:43:20,56,RR1.00:21-22:537:1990,2026-03-16T21:06:40,2700.81,100.0,-120.0,208.5,-120.0,2580.81,2579.76,100.0,True,
2026-03-16T23:30:00,4,RR1.00:18-19:463:1972,2026-03-16T18:22:40,2579.76,100.0,-207.5,190.5,-139.5,2372.26,2439.21,100.0,True,
2026-03-16T23:30:00,30,RR1.00:18-19:463:1972,2026-03-16T18:22:40,2579.76,100.0,-207.5,190.5,-139.5,2372.26,2439.21,100.0,True,
2026-03-16T23:30:00,31,RR1.00:18-19:463:1972,2026-03-16T18:22:40,2579.76,100.0,-207.5,190.5,-139.5,2372.26,2439.21,100.0,True,
2026-03-16T23:30:00,32,RR1.00:18-19:463:1972,2026-03-16T18:22:40,2579.76,100.0,-207.5,190.5,-139.5,2372.26,2439.21,100.0,True,
2026-03-16T23:30:00,33,RR1.00:18-19:463:1972,2026-03-16T18:22:40,2579.76,100.0,-207.5,190.5,-139.5,2372.26,2439.21,100.0,True,
2026-03-16T23:30:00,34,RR1.00:18-19:463:1972,2026-03-16T18:22:40,2579.76,100.0,-207.5,190.5,-139.5,2372.26,2439.21,100.0,True,
2026-03-16T23:30:00,35,RR1.00:18-19:463:1972,2026-03-16T18:22:40,2579.76,100.0,-207.5,190.5,-139.5,2372.26,2439.21,100.0,True,
2026-03-16T23:30:00,36,RR1.00:18-19:463:1972,2026-03-16T18:22:40,2579.76,100.0,-207.5,190.5,-139.5,2372.26,2439.21,100.0,True,
2026-03-16T23:30:00,37,RR1.00:18-19:463:1972,2026-03-16T18:22:40,2579.76,100.0,-207.5,190.5,-139.5,2372.26,2439.21,100.0,True,
2026-03-16T23:30:00,38,RR1.00:18-19:463:1972,2026-03-16T18:22:40,2579.76,100.0,-207.5,190.5,-139.5,2372.26,2439.21,100.0,True,
2026-03-16T23:30:00,39,RR1.00:18-19:463:1972,2026-03-16T18:22:40,2579.76,100.0,-207.5,190.5,-139.5,2372.26,2439.21,100.0,True,
2026-03-16T23:30:00,40,RR1.00:18-19:463:1972,2026-03-16T18:22:40,2579.76,100.0,-207.5,190.5,-139.5,2372.26,2439.21,100.0,True,
2026-03-16T23:30:00,41,RR1.00:18-19:463:1972,2026-03-16T18:22:40,2579.76,100.0,-207.5,190.5,-139.5,2372.26,2439.21,100.0,True,
2026-03-16T23:30:00,42,RR1.00:18-19:463:1972,2026-03-16T18:22:40,2579.76,100.0,-207.5,190.5,-139.5,2372.26,2439.21,100.0,True,
2026-03-16T23:30:00,43,RR1.00:18-19:463:1972,2026-03-16T18:22:40,2579.76,100.0,-207.5,190.5,-139.5,2372.26,2439.21,100.0,True,
2026-03-16T23:30:00,44,RR1.00:18-19:463:1972,2026-03-16T18:22:40,2579.76,100.0,-207.5,190.5,-139.5,2372.26,2439.21,100.0,True,
2026-03-16T23:30:00,48,RR1.00:18-19:463:1972,2026-03-16T18:22:40,2579.76,100.0,-207.5,190.5,-139.5,2372.26,2439.21,100.0,True,
2026-03-16T23:30:00,49,RR1.00:18-19:463:1972,2026-03-16T18:22:40,2579.76,100.0,-207.5,190.5,-139.5,2372.26,2439.21,100.0,True,
2026-03-16T23:30:00,55,RR1.00:18-19:463:1972,2026-03-16T18:22:40,2579.76,100.0,-207.5,190.5,-139.5,2372.26,2439.21,100.0,True,
2026-03-16T23:30:00,56,RR1.00:18-19:463:1972,2026-03-16T18:22:40,2579.76,100.0,-207.5,190.5,-139.5,2372.26,2439.21,100.0,True,
2026-03-17T03:24:40,4,RR1.00:2-3:558:2106,2026-03-17T02:40:40,2439.21,100.0,-66.0,31.0,-66.0,2373.21,2372.16,100.0,True,
2026-03-17T03:24:40,30,RR1.00:2-3:558:2106,2026-03-17T02:40:40,2439.21,100.0,-66.0,31.0,-66.0,2373.21,2372.16,100.0,True,
2026-03-17T03:24:40,31,RR1.00:2-3:558:2106,2026-03-17T02:40:40,2439.21,100.0,-66.0,31.0,-66.0,2373.21,2372.16,100.0,True,
2026-03-17T03:24:40,32,RR1.00:2-3:558:2106,2026-03-17T02:40:40,2439.21,100.0,-66.0,31.0,-66.0,2373.21,2372.16,100.0,True,
2026-03-17T03:24:40,33,RR1.00:2-3:558:2106,2026-03-17T02:40:40,2439.21,100.0,-66.0,31.0,-66.0,2373.21,2372.16,100.0,True,
2026-03-17T03:24:40,34,RR1.00:2-3:558:2106,2026-03-17T02:40:40,2439.21,100.0,-66.0,31.0,-66.0,2373.21,2372.16,100.0,True,
2026-03-17T03:24:40,35,RR1.00:2-3:558:2106,2026-03-17T02:40:40,2439.21,100.0,-66.0,31.0,-66.0,2373.21,2372.16,100.0,True,
2026-03-17T03:24:40,36,RR1.00:2-3:558:2106,2026-03-17T02:40:40,2439.21,100.0,-66.0,31.0,-66.0,2373.21,2372.16,100.0,True,
2026-03-17T03:24:40,37,RR1.00:2-3:558:2106,2026-03-17T02:40:40,2439.21,100.0,-66.0,31.0,-66.0,2373.21,2372.16,100.0,True,
2026-03-17T03:24:40,38,RR1.00:2-3:558:2106,2026-03-17T02:40:40,2439.21,100.0,-66.0,31.0,-66.0,2373.21,2372.16,100.0,True,
2026-03-17T03:24:40,39,RR1.00:2-3:558:2106,2026-03-17T02:40:40,2439.21,100.0,-66.0,31.0,-66.0,2373.21,2372.16,100.0,True,
2026-03-17T03:24:40,40,RR1.00:2-3:558:2106,2026-03-17T02:40:40,2439.21,100.0,-66.0,31.0,-66.0,2373.21,2372.16,100.0,True,
2026-03-17T03:24:40,41,RR1.00:2-3:558:2106,2026-03-17T02:40:40,2439.21,100.0,-66.0,31.0,-66.0,2373.21,2372.16,100.0,True,
2026-03-17T03:24:40,42,RR1.00:2-3:558:2106,2026-03-17T02:40:40,2439.21,100.0,-66.0,31.0,-66.0,2373.21,2372.16,100.0,True,
2026-03-17T03:24:40,43,RR1.00:2-3:558:2106,2026-03-17T02:40:40,2439.21,100.0,-66.0,31.0,-66.0,2373.21,2372.16,100.0,True,
2026-03-17T03:24:40,44,RR1.00:2-3:558:2106,2026-03-17T02:40:40,2439.21,100.0,-66.0,31.0,-66.0,2373.21,2372.16,100.0,True,
2026-03-17T03:24:40,48,RR1.00:2-3:558:2106,2026-03-17T02:40:40,2439.21,100.0,-66.0,31.0,-66.0,2373.21,2372.16,100.0,True,
2026-03-17T03:24:40,49,RR1.00:2-3:558:2106,2026-03-17T02:40:40,2439.21,100.0,-66.0,31.0,-66.0,2373.21,2372.16,100.0,True,
2026-03-17T03:24:40,55,RR1.00:2-3:558:2106,2026-03-17T02:40:40,2439.21,100.0,-66.0,31.0,-66.0,2373.21,2372.16,100.0,True,
2026-03-17T03:24:40,56,RR1.00:2-3:558:2106,2026-03-17T02:40:40,2439.21,100.0,-66.0,31.0,-66.0,2373.21,2372.16,100.0,True,
2026-03-17T08:00:00,4,RR1.00:7-8:597:2158,2026-03-17T07:17:40,2372.16,100.0,-8.0,85.0,60.5,2364.16,2431.61,100.0,True,
2026-03-17T08:00:00,30,RR1.00:7-8:597:2158,2026-03-17T07:17:40,2372.16,100.0,-8.0,85.0,60.5,2364.16,2431.61,100.0,True,
2026-03-17T08:00:00,31,RR1.00:7-8:597:2158,2026-03-17T07:17:40,2372.16,100.0,-8.0,85.0,60.5,2364.16,2431.61,100.0,True,
2026-03-17T08:00:00,32,RR1.00:7-8:597:2158,2026-03-17T07:17:40,2372.16,100.0,-8.0,85.0,60.5,2364.16,2431.61,100.0,True,
2026-03-17T08:00:00,33,RR1.00:7-8:597:2158,2026-03-17T07:17:40,2372.16,100.0,-8.0,85.0,60.5,2364.16,2431.61,100.0,True,
2026-03-17T08:00:00,34,RR1.00:7-8:597:2158,2026-03-17T07:17:40,2372.16,100.0,-8.0,85.0,60.5,2364.16,2431.61,100.0,True,
2026-03-17T08:00:00,35,RR1.00:7-8:597:2158,2026-03-17T07:17:40,2372.16,100.0,-8.0,85.0,60.5,2364.16,2431.61,100.0,True,
2026-03-17T08:00:00,36,RR1.00:7-8:597:2158,2026-03-17T07:17:40,2372.16,100.0,-8.0,85.0,60.5,2364.16,2431.61,100.0,True,
2026-03-17T08:00:00,37,RR1.00:7-8:597:2158,2026-03-17T07:17:40,2372.16,100.0,-8.0,85.0,60.5,2364.16,2431.61,100.0,True,
2026-03-17T08:00:00,38,RR1.00:7-8:597:2158,2026-03-17T07:17:40,2372.16,100.0,-8.0,85.0,60.5,2364.16,2431.61,100.0,True,
2026-03-17T08:00:00,39,RR1.00:7-8:597:2158,2026-03-17T07:17:40,2372.16,100.0,-8.0,85.0,60.5,2364.16,2431.61,100.0,True,
2026-03-17T08:00:00,40,RR1.00:7-8:597:2158,2026-03-17T07:17:40,2372.16,100.0,-8.0,85.0,60.5,2364.16,2431.61,100.0,True,
2026-03-17T08:00:00,41,RR1.00:7-8:597:2158,2026-03-17T07:17:40,2372.16,100.0,-8.0,85.0,60.5,2364.16,2431.61,100.0,True,
2026-03-17T08:00:00,42,RR1.00:7-8:597:2158,2026-03-17T07:17:40,2372.16,100.0,-8.0,85.0,60.5,2364.16,2431.61,100.0,True,
2026-03-17T08:00:00,43,RR1.00:7-8:597:2158,2026-03-17T07:17:40,2372.16,100.0,-8.0,85.0,60.5,2364.16,2431.61,100.0,True,
2026-03-17T08:00:00,44,RR1.00:7-8:597:2158,2026-03-17T07:17:40,2372.16,100.0,-8.0,85.0,60.5,2364.16,2431.61,100.0,True,
2026-03-17T08:00:00,48,RR1.00:7-8:597:2158,2026-03-17T07:17:40,2372.16,100.0,-8.0,85.0,60.5,2364.16,2431.61,100.0,True,
2026-03-17T08:00:00,49,RR1.00:7-8:597:2158,2026-03-17T07:17:40,2372.16,100.0,-8.0,85.0,60.5,2364.16,2431.61,100.0,True,
2026-03-17T08:00:00,55,RR1.00:7-8:597:2158,2026-03-17T07:17:40,2372.16,100.0,-8.0,85.0,60.5,2364.16,2431.61,100.0,True,
2026-03-17T08:00:00,56,RR1.00:7-8:597:2158,2026-03-17T07:17:40,2372.16,100.0,-8.0,85.0,60.5,2364.16,2431.61,100.0,True,
2026-03-17T11:36:20,4,RR1.00:10-11:587:2129,2026-03-17T10:19:40,2431.61,100.0,-64.5,83.5,-64.5,2367.11,2366.06,100.0,True,
2026-03-17T11:36:20,30,RR1.00:10-11:587:2129,2026-03-17T10:19:40,2431.61,100.0,-64.5,83.5,-64.5,2367.11,2366.06,100.0,True,
2026-03-17T11:36:20,31,RR1.00:10-11:587:2129,2026-03-17T10:19:40,2431.61,100.0,-64.5,83.5,-64.5,2367.11,2366.06,100.0,True,
2026-03-17T11:36:20,32,RR1.00:10-11:587:2129,2026-03-17T10:19:40,2431.61,100.0,-64.5,83.5,-64.5,2367.11,2366.06,100.0,True,
2026-03-17T11:36:20,33,RR1.00:10-11:587:2129,2026-03-17T10:19:40,2431.61,100.0,-64.5,83.5,-64.5,2367.11,2366.06,100.0,True,
2026-03-17T11:36:20,34,RR1.00:10-11:587:2129,2026-03-17T10:19:40,2431.61,100.0,-64.5,83.5,-64.5,2367.11,2366.06,100.0,True,
2026-03-17T11:36:20,35,RR1.00:10-11:587:2129,2026-03-17T10:19:40,2431.61,100.0,-64.5,83.5,-64.5,2367.11,2366.06,100.0,True,
2026-03-17T11:36:20,36,RR1.00:10-11:587:2129,2026-03-17T10:19:40,2431.61,100.0,-64.5,83.5,-64.5,2367.11,2366.06,100.0,True,
2026-03-17T11:36:20,37,RR1.00:10-11:587:2129,2026-03-17T10:19:40,2431.61,100.0,-64.5,83.5,-64.5,2367.11,2366.06,100.0,True,
2026-03-17T11:36:20,38,RR1.00:10-11:587:2129,2026-03-17T10:19:40,2431.61,100.0,-64.5,83.5,-64.5,2367.11,2366.06,100.0,True,
2026-03-17T11:36:20,39,RR1.00:10-11:587:2129,2026-03-17T10:19:40,2431.61,100.0,-64.5,83.5,-64.5,2367.11,2366.06,100.0,True,
2026-03-17T11:36:20,40,RR1.00:10-11:587:2129,2026-03-17T10:19:40,2431.61,100.0,-64.5,83.5,-64.5,2367.11,2366.06,100.0,True,
2026-03-17T11:36:20,41,RR1.00:10-11:587:2129,2026-03-17T10:19:40,2431.61,100.0,-64.5,83.5,-64.5,2367.11,2366.06,100.0,True,
2026-03-17T11:36:20,42,RR1.00:10-11:587:2129,2026-03-17T10:19:40,2431.61,100.0,-64.5,83.5,-64.5,2367.11,2366.06,100.0,True,
2026-03-17T11:36:20,43,RR1.00:10-11:587:2129,2026-03-17T10:19:40,2431.61,100.0,-64.5,83.5,-64.5,2367.11,2366.06,100.0,True,
2026-03-17T11:36:20,44,RR1.00:10-11:587:2129,2026-03-17T10:19:40,2431.61,100.0,-64.5,83.5,-64.5,2367.11,2366.06,100.0,True,
2026-03-17T11:36:20,48,RR1.00:10-11:587:2129,2026-03-17T10:19:40,2431.61,100.0,-64.5,83.5,-64.5,2367.11,2366.06,100.0,True,
2026-03-17T11:36:20,49,RR1.00:10-11:587:2129,2026-03-17T10:19:40,2431.61,100.0,-64.5,83.5,-64.5,2367.11,2366.06,100.0,True,
2026-03-17T11:36:20,55,RR1.00:10-11:587:2129,2026-03-17T10:19:40,2431.61,100.0,-64.5,83.5,-64.5,2367.11,2366.06,100.0,True,
2026-03-17T11:36:20,56,RR1.00:10-11:587:2129,2026-03-17T10:19:40,2431.61,100.0,-64.5,83.5,-64.5,2367.11,2366.06,100.0,True,
2026-03-17T15:30:00,4,RR1.00:15-16:683:2236,2026-03-17T15:06:40,2366.06,100.0,-9.0,114.0,101.5,2357.06,2466.51,100.0,True,
2026-03-17T15:30:00,30,RR1.00:15-16:683:2236,2026-03-17T15:06:40,2366.06,100.0,-9.0,114.0,101.5,2357.06,2466.51,100.0,True,
2026-03-17T15:30:00,31,RR1.00:15-16:683:2236,2026-03-17T15:06:40,2366.06,100.0,-9.0,114.0,101.5,2357.06,2466.51,100.0,True,
2026-03-17T15:30:00,32,RR1.00:15-16:683:2236,2026-03-17T15:06:40,2366.06,100.0,-9.0,114.0,101.5,2357.06,2466.51,100.0,True,
2026-03-17T15:30:00,33,RR1.00:15-16:683:2236,2026-03-17T15:06:40,2366.06,100.0,-9.0,114.0,101.5,2357.06,2466.51,100.0,True,
2026-03-17T15:30:00,34,RR1.00:15-16:683:2236,2026-03-17T15:06:40,2366.06,100.0,-9.0,114.0,101.5,2357.06,2466.51,100.0,True,
2026-03-17T15:30:00,35,RR1.00:15-16:683:2236,2026-03-17T15:06:40,2366.06,100.0,-9.0,114.0,101.5,2357.06,2466.51,100.0,True,
2026-03-17T15:30:00,36,RR1.00:15-16:683:2236,2026-03-17T15:06:40,2366.06,100.0,-9.0,114.0,101.5,2357.06,2466.51,100.0,True,
2026-03-17T15:30:00,37,RR1.00:15-16:683:2236,2026-03-17T15:06:40,2366.06,100.0,-9.0,114.0,101.5,2357.06,2466.51,100.0,True,
2026-03-17T15:30:00,38,RR1.00:15-16:683:2236,2026-03-17T15:06:40,2366.06,100.0,-9.0,114.0,101.5,2357.06,2466.51,100.0,True,
2026-03-17T15:30:00,39,RR1.00:15-16:683:2236,2026-03-17T15:06:40,2366.06,100.0,-9.0,114.0,101.5,2357.06,2466.51,100.0,True,
2026-03-17T15:30:00,40,RR1.00:15-16:683:2236,2026-03-17T15:06:40,2366.06,100.0,-9.0,114.0,101.5,2357.06,2466.51,100.0,True,
2026-03-17T15:30:00,41,RR1.00:15-16:683:2236,2026-03-17T15:06:40,2366.06,100.0,-9.0,114.0,101.5,2357.06,2466.51,100.0,True,
2026-03-17T15:30:00,42,RR1.00:15-16:683:2236,2026-03-17T15:06:40,2366.06,100.0,-9.0,114.0,101.5,2357.06,2466.51,100.0,True,
2026-03-17T15:30:00,43,RR1.00:15-16:683:2236,2026-03-17T15:06:40,2366.06,100.0,-9.0,114.0,101.5,2357.06,2466.51,100.0,True,
2026-03-17T15:30:00,44,RR1.00:15-16:683:2236,2026-03-17T15:06:40,2366.06,100.0,-9.0,114.0,101.5,2357.06,2466.51,100.0,True,
2026-03-17T15:30:00,48,RR1.00:15-16:683:2236,2026-03-17T15:06:40,2366.06,100.0,-9.0,114.0,101.5,2357.06,2466.51,100.0,True,
2026-03-17T15:30:00,49,RR1.00:15-16:683:2236,2026-03-17T15:06:40,2366.06,100.0,-9.0,114.0,101.5,2357.06,2466.51,100.0,True,
2026-03-17T15:30:00,55,RR1.00:15-16:683:2236,2026-03-17T15:06:40,2366.06,100.0,-9.0,114.0,101.5,2357.06,2466.51,100.0,True,
2026-03-17T15:30:00,56,RR1.00:15-16:683:2236,2026-03-17T15:06:40,2366.06,100.0,-9.0,114.0,101.5,2357.06,2466.51,100.0,True,
2026-03-17T22:06:40,4,RR1.00:20-21:513:1906,2026-03-17T20:02:40,2466.51,100.0,-77.0,62.5,-77.0,2389.51,2388.46,100.0,True,
2026-03-17T22:06:40,30,RR1.00:20-21:513:1906,2026-03-17T20:02:40,2466.51,100.0,-77.0,62.5,-77.0,2389.51,2388.46,100.0,True,
2026-03-17T22:06:40,31,RR1.00:20-21:513:1906,2026-03-17T20:02:40,2466.51,100.0,-77.0,62.5,-77.0,2389.51,2388.46,100.0,True,
2026-03-17T22:06:40,32,RR1.00:20-21:513:1906,2026-03-17T20:02:40,2466.51,100.0,-77.0,62.5,-77.0,2389.51,2388.46,100.0,True,
2026-03-17T22:06:40,33,RR1.00:20-21:513:1906,2026-03-17T20:02:40,2466.51,100.0,-77.0,62.5,-77.0,2389.51,2388.46,100.0,True,
2026-03-17T22:06:40,34,RR1.00:20-21:513:1906,2026-03-17T20:02:40,2466.51,100.0,-77.0,62.5,-77.0,2389.51,2388.46,100.0,True,
2026-03-17T22:06:40,35,RR1.00:20-21:513:1906,2026-03-17T20:02:40,2466.51,100.0,-77.0,62.5,-77.0,2389.51,2388.46,100.0,True,
2026-03-17T22:06:40,36,RR1.00:20-21:513:1906,2026-03-17T20:02:40,2466.51,100.0,-77.0,62.5,-77.0,2389.51,2388.46,100.0,True,
2026-03-17T22:06:40,37,RR1.00:20-21:513:1906,2026-03-17T20:02:40,2466.51,100.0,-77.0,62.5,-77.0,2389.51,2388.46,100.0,True,
2026-03-17T22:06:40,38,RR1.00:20-21:513:1906,2026-03-17T20:02:40,2466.51,100.0,-77.0,62.5,-77.0,2389.51,2388.46,100.0,True,
2026-03-17T22:06:40,39,RR1.00:20-21:513:1906,2026-03-17T20:02:40,2466.51,100.0,-77.0,62.5,-77.0,2389.51,2388.46,100.0,True,
2026-03-17T22:06:40,40,RR1.00:20-21:513:1906,2026-03-17T20:02:40,2466.51,100.0,-77.0,62.5,-77.0,2389.51,2388.46,100.0,True,
2026-03-17T22:06:40,41,RR1.00:20-21:513:1906,2026-03-17T20:02:40,2466.51,100.0,-77.0,62.5,-77.0,2389.51,2388.46,100.0,True,
2026-03-17T22:06:40,42,RR1.00:20-21:513:1906,2026-03-17T20:02:40,2466.51,100.0,-77.0,62.5,-77.0,2389.51,2388.46,100.0,True,
2026-03-17T22:06:40,43,RR1.00:20-21:513:1906,2026-03-17T20:02:40,2466.51,100.0,-77.0,62.5,-77.0,2389.51,2388.46,100.0,True,
2026-03-17T22:06:40,44,RR1.00:20-21:513:1906,2026-03-17T20:02:40,2466.51,100.0,-77.0,62.5,-77.0,2389.51,2388.46,100.0,True,
2026-03-17T22:06:40,48,RR1.00:20-21:513:1906,2026-03-17T20:02:40,2466.51,100.0,-77.0,62.5,-77.0,2389.51,2388.46,100.0,True,
2026-03-17T22:06:40,49,RR1.00:20-21:513:1906,2026-03-17T20:02:40,2466.51,100.0,-77.0,62.5,-77.0,2389.51,2388.46,100.0,True,
2026-03-17T22:06:40,55,RR1.00:20-21:513:1906,2026-03-17T20:02:40,2466.51,100.0,-77.0,62.5,-77.0,2389.51,2388.46,100.0,True,
2026-03-17T22:06:40,56,RR1.00:20-21:513:1906,2026-03-17T20:02:40,2466.51,100.0,-77.0,62.5,-77.0,2389.51,2388.46,100.0,True,
2026-03-18T03:30:00,4,RR1.00:3-4:555:2073,2026-03-18T03:01:40,2388.46,100.0,-10.0,78.0,59.0,2378.46,2446.41,100.0,True,
2026-03-18T03:30:00,30,RR1.00:3-4:555:2073,2026-03-18T03:01:40,2388.46,100.0,-10.0,78.0,59.0,2378.46,2446.41,100.0,True,
2026-03-18T03:30:00,31,RR1.00:3-4:555:2073,2026-03-18T03:01:40,2388.46,100.0,-10.0,78.0,59.0,2378.46,2446.41,100.0,True,
2026-03-18T03:30:00,32,RR1.00:3-4:555:2073,2026-03-18T03:01:40,2388.46,100.0,-10.0,78.0,59.0,2378.46,2446.41,100.0,True,
2026-03-18T03:30:00,33,RR1.00:3-4:555:2073,2026-03-18T03:01:40,2388.46,100.0,-10.0,78.0,59.0,2378.46,2446.41,100.0,True,
2026-03-18T03:30:00,34,RR1.00:3-4:555:2073,2026-03-18T03:01:40,2388.46,100.0,-10.0,78.0,59.0,2378.46,2446.41,100.0,True,
2026-03-18T03:30:00,35,RR1.00:3-4:555:2073,2026-03-18T03:01:40,2388.46,100.0,-10.0,78.0,59.0,2378.46,2446.41,100.0,True,
2026-03-18T03:30:00,36,RR1.00:3-4:555:2073,2026-03-18T03:01:40,2388.46,100.0,-10.0,78.0,59.0,2378.46,2446.41,100.0,True,
2026-03-18T03:30:00,37,RR1.00:3-4:555:2073,2026-03-18T03:01:40,2388.46,100.0,-10.0,78.0,59.0,2378.46,2446.41,100.0,True,
2026-03-18T03:30:00,38,RR1.00:3-4:555:2073,2026-03-18T03:01:40,2388.46,100.0,-10.0,78.0,59.0,2378.46,2446.41,100.0,True,
2026-03-18T03:30:00,39,RR1.00:3-4:555:2073,2026-03-18T03:01:40,2388.46,100.0,-10.0,78.0,59.0,2378.46,2446.41,100.0,True,
2026-03-18T03:30:00,40,RR1.00:3-4:555:2073,2026-03-18T03:01:40,2388.46,100.0,-10.0,78.0,59.0,2378.46,2446.41,100.0,True,
2026-03-18T03:30:00,41,RR1.00:3-4:555:2073,2026-03-18T03:01:40,2388.46,100.0,-10.0,78.0,59.0,2378.46,2446.41,100.0,True,
2026-03-18T03:30:00,42,RR1.00:3-4:555:2073,2026-03-18T03:01:40,2388.46,100.0,-10.0,78.0,59.0,2378.46,2446.41,100.0,True,
2026-03-18T03:30:00,43,RR1.00:3-4:555:2073,2026-03-18T03:01:40,2388.46,100.0,-10.0,78.0,59.0,2378.46,2446.41,100.0,True,
2026-03-18T03:30:00,44,RR1.00:3-4:555:2073,2026-03-18T03:01:40,2388.46,100.0,-10.0,78.0,59.0,2378.46,2446.41,100.0,True,
2026-03-18T03:30:00,48,RR1.00:3-4:555:2073,2026-03-18T03:01:40,2388.46,100.0,-10.0,78.0,59.0,2378.46,2446.41,100.0,True,
2026-03-18T03:30:00,49,RR1.00:3-4:555:2073,2026-03-18T03:01:40,2388.46,100.0,-10.0,78.0,59.0,2378.46,2446.41,100.0,True,
2026-03-18T03:30:00,55,RR1.00:3-4:555:2073,2026-03-18T03:01:40,2388.46,100.0,-10.0,78.0,59.0,2378.46,2446.41,100.0,True,
2026-03-18T03:30:00,56,RR1.00:3-4:555:2073,2026-03-18T03:01:40,2388.46,100.0,-10.0,78.0,59.0,2378.46,2446.41,100.0,True,
2026-03-18T08:30:00,4,RR1.00:6-7:535:2051,2026-03-18T06:46:40,2446.41,100.0,-9.0,63.5,57.0,2437.41,2502.36,100.0,True,
2026-03-18T08:30:00,30,RR1.00:6-7:535:2051,2026-03-18T06:46:40,2446.41,100.0,-9.0,63.5,57.0,2437.41,2502.36,100.0,True,
2026-03-18T08:30:00,31,RR1.00:6-7:535:2051,2026-03-18T06:46:40,2446.41,100.0,-9.0,63.5,57.0,2437.41,2502.36,100.0,True,
2026-03-18T08:30:00,32,RR1.00:6-7:535:2051,2026-03-18T06:46:40,2446.41,100.0,-9.0,63.5,57.0,2437.41,2502.36,100.0,True,
2026-03-18T08:30:00,33,RR1.00:6-7:535:2051,2026-03-18T06:46:40,2446.41,100.0,-9.0,63.5,57.0,2437.41,2502.36,100.0,True,
2026-03-18T08:30:00,34,RR1.00:6-7:535:2051,2026-03-18T06:46:40,2446.41,100.0,-9.0,63.5,57.0,2437.41,2502.36,100.0,True,
2026-03-18T08:30:00,35,RR1.00:6-7:535:2051,2026-03-18T06:46:40,2446.41,100.0,-9.0,63.5,57.0,2437.41,2502.36,100.0,True,
2026-03-18T08:30:00,36,RR1.00:6-7:535:2051,2026-03-18T06:46:40,2446.41,100.0,-9.0,63.5,57.0,2437.41,2502.36,100.0,True,
2026-03-18T08:30:00,37,RR1.00:6-7:535:2051,2026-03-18T06:46:40,2446.41,100.0,-9.0,63.5,57.0,2437.41,2502.36,100.0,True,
2026-03-18T08:30:00,38,RR1.00:6-7:535:2051,2026-03-18T06:46:40,2446.41,100.0,-9.0,63.5,57.0,2437.41,2502.36,100.0,True,
2026-03-18T08:30:00,39,RR1.00:6-7:535:2051,2026-03-18T06:46:40,2446.41,100.0,-9.0,63.5,57.0,2437.41,2502.36,100.0,True,
2026-03-18T08:30:00,40,RR1.00:6-7:535:2051,2026-03-18T06:46:40,2446.41,100.0,-9.0,63.5,57.0,2437.41,2502.36,100.0,True,
2026-03-18T08:30:00,41,RR1.00:6-7:535:2051,2026-03-18T06:46:40,2446.41,100.0,-9.0,63.5,57.0,2437.41,2502.36,100.0,True,
2026-03-18T08:30:00,42,RR1.00:6-7:535:2051,2026-03-18T06:46:40,2446.41,100.0,-9.0,63.5,57.0,2437.41,2502.36,100.0,True,
2026-03-18T08:30:00,43,RR1.00:6-7:535:2051,2026-03-18T06:46:40,2446.41,100.0,-9.0,63.5,57.0,2437.41,2502.36,100.0,True,
2026-03-18T08:30:00,44,RR1.00:6-7:535:2051,2026-03-18T06:46:40,2446.41,100.0,-9.0,63.5,57.0,2437.41,2502.36,100.0,True,
2026-03-18T08:30:00,48,RR1.00:6-7:535:2051,2026-03-18T06:46:40,2446.41,100.0,-9.0,63.5,57.0,2437.41,2502.36,100.0,True,
2026-03-18T08:30:00,49,RR1.00:6-7:535:2051,2026-03-18T06:46:40,2446.41,100.0,-9.0,63.5,57.0,2437.41,2502.36,100.0,True,
2026-03-18T08:30:00,55,RR1.00:6-7:535:2051,2026-03-18T06:46:40,2446.41,100.0,-9.0,63.5,57.0,2437.41,2502.36,100.0,True,
2026-03-18T08:30:00,56,RR1.00:6-7:535:2051,2026-03-18T06:46:40,2446.41,100.0,-9.0,63.5,57.0,2437.41,2502.36,100.0,True,
2026-03-18T11:30:20,4,RR1.00:11-12:458:1969,2026-03-18T11:06:40,2502.36,100.0,-47.0,8.5,-47.0,2455.36,2454.31,100.0,True,
2026-03-18T11:30:20,30,RR1.00:11-12:458:1969,2026-03-18T11:06:40,2502.36,100.0,-47.0,8.5,-47.0,2455.36,2454.31,100.0,True,
2026-03-18T11:30:20,31,RR1.00:11-12:458:1969,2026-03-18T11:06:40,2502.36,100.0,-47.0,8.5,-47.0,2455.36,2454.31,100.0,True,
2026-03-18T11:30:20,32,RR1.00:11-12:458:1969,2026-03-18T11:06:40,2502.36,100.0,-47.0,8.5,-47.0,2455.36,2454.31,100.0,True,
2026-03-18T11:30:20,33,RR1.00:11-12:458:1969,2026-03-18T11:06:40,2502.36,100.0,-47.0,8.5,-47.0,2455.36,2454.31,100.0,True,
2026-03-18T11:30:20,34,RR1.00:11-12:458:1969,2026-03-18T11:06:40,2502.36,100.0,-47.0,8.5,-47.0,2455.36,2454.31,100.0,True,
2026-03-18T11:30:20,35,RR1.00:11-12:458:1969,2026-03-18T11:06:40,2502.36,100.0,-47.0,8.5,-47.0,2455.36,2454.31,100.0,True,
2026-03-18T11:30:20,36,RR1.00:11-12:458:1969,2026-03-18T11:06:40,2502.36,100.0,-47.0,8.5,-47.0,2455.36,2454.31,100.0,True,
2026-03-18T11:30:20,37,RR1.00:11-12:458:1969,2026-03-18T11:06:40,2502.36,100.0,-47.0,8.5,-47.0,2455.36,2454.31,100.0,True,
2026-03-18T11:30:20,38,RR1.00:11-12:458:1969,2026-03-18T11:06:40,2502.36,100.0,-47.0,8.5,-47.0,2455.36,2454.31,100.0,True,
2026-03-18T11:30:20,39,RR1.00:11-12:458:1969,2026-03-18T11:06:40,2502.36,100.0,-47.0,8.5,-47.0,2455.36,2454.31,100.0,True,
2026-03-18T11:30:20,40,RR1.00:11-12:458:1969,2026-03-18T11:06:40,2502.36,100.0,-47.0,8.5,-47.0,2455.36,2454.31,100.0,True,
2026-03-18T11:30:20,41,RR1.00:11-12:458:1969,2026-03-18T11:06:40,2502.36,100.0,-47.0,8.5,-47.0,2455.36,2454.31,100.0,True,
2026-03-18T11:30:20,42,RR1.00:11-12:458:1969,2026-03-18T11:06:40,2502.36,100.0,-47.0,8.5,-47.0,2455.36,2454.31,100.0,True,
2026-03-18T11:30:20,43,RR1.00:11-12:458:1969,2026-03-18T11:06:40,2502.36,100.0,-47.0,8.5,-47.0,2455.36,2454.31,100.0,True,
2026-03-18T11:30:20,44,RR1.00:11-12:458:1969,2026-03-18T11:06:40,2502.36,100.0,-47.0,8.5,-47.0,2455.36,2454.31,100.0,True,
2026-03-18T11:30:20,48,RR1.00:11-12:458:1969,2026-03-18T11:06:40,2502.36,100.0,-47.0,8.5,-47.0,2455.36,2454.31,100.0,True,
2026-03-18T11:30:20,49,RR1.00:11-12:458:1969,2026-03-18T11:06:40,2502.36,100.0,-47.0,8.5,-47.0,2455.36,2454.31,100.0,True,
2026-03-18T11:30:20,55,RR1.00:11-12:458:1969,2026-03-18T11:06:40,2502.36,100.0,-47.0,8.5,-47.0,2455.36,2454.31,100.0,True,
2026-03-18T11:30:20,56,RR1.00:11-12:458:1969,2026-03-18T11:06:40,2502.36,100.0,-47.0,8.5,-47.0,2455.36,2454.31,100.0,True,
2026-03-18T13:53:40,4,RR1.00:13-14:571:2111,2026-03-18T13:19:40,2454.31,100.0,-47.5,13.0,-47.5,2406.81,2405.76,100.0,True,
2026-03-18T13:53:40,30,RR1.00:13-14:571:2111,2026-03-18T13:19:40,2454.31,100.0,-47.5,13.0,-47.5,2406.81,2405.76,100.0,True,
2026-03-18T13:53:40,31,RR1.00:13-14:571:2111,2026-03-18T13:19:40,2454.31,100.0,-47.5,13.0,-47.5,2406.81,2405.76,100.0,True,
2026-03-18T13:53:40,32,RR1.00:13-14:571:2111,2026-03-18T13:19:40,2454.31,100.0,-47.5,13.0,-47.5,2406.81,2405.76,100.0,True,
2026-03-18T13:53:40,33,RR1.00:13-14:571:2111,2026-03-18T13:19:40,2454.31,100.0,-47.5,13.0,-47.5,2406.81,2405.76,100.0,True,
2026-03-18T13:53:40,34,RR1.00:13-14:571:2111,2026-03-18T13:19:40,2454.31,100.0,-47.5,13.0,-47.5,2406.81,2405.76,100.0,True,
2026-03-18T13:53:40,35,RR1.00:13-14:571:2111,2026-03-18T13:19:40,2454.31,100.0,-47.5,13.0,-47.5,2406.81,2405.76,100.0,True,
2026-03-18T13:53:40,36,RR1.00:13-14:571:2111,2026-03-18T13:19:40,2454.31,100.0,-47.5,13.0,-47.5,2406.81,2405.76,100.0,True,
2026-03-18T13:53:40,37,RR1.00:13-14:571:2111,2026-03-18T13:19:40,2454.31,100.0,-47.5,13.0,-47.5,2406.81,2405.76,100.0,True,
2026-03-18T13:53:40,38,RR1.00:13-14:571:2111,2026-03-18T13:19:40,2454.31,100.0,-47.5,13.0,-47.5,2406.81,2405.76,100.0,True,
2026-03-18T13:53:40,39,RR1.00:13-14:571:2111,2026-03-18T13:19:40,2454.31,100.0,-47.5,13.0,-47.5,2406.81,2405.76,100.0,True,
2026-03-18T13:53:40,40,RR1.00:13-14:571:2111,2026-03-18T13:19:40,2454.31,100.0,-47.5,13.0,-47.5,2406.81,2405.76,100.0,True,
2026-03-18T13:53:40,41,RR1.00:13-14:571:2111,2026-03-18T13:19:40,2454.31,100.0,-47.5,13.0,-47.5,2406.81,2405.76,100.0,True,
2026-03-18T13:53:40,42,RR1.00:13-14:571:2111,2026-03-18T13:19:40,2454.31,100.0,-47.5,13.0,-47.5,2406.81,2405.76,100.0,True,
2026-03-18T13:53:40,43,RR1.00:13-14:571:2111,2026-03-18T13:19:40,2454.31,100.0,-47.5,13.0,-47.5,2406.81,2405.76,100.0,True,
2026-03-18T13:53:40,44,RR1.00:13-14:571:2111,2026-03-18T13:19:40,2454.31,100.0,-47.5,13.0,-47.5,2406.81,2405.76,100.0,True,
2026-03-18T13:53:40,48,RR1.00:13-14:571:2111,2026-03-18T13:19:40,2454.31,100.0,-47.5,13.0,-47.5,2406.81,2405.76,100.0,True,
2026-03-18T13:53:40,49,RR1.00:13-14:571:2111,2026-03-18T13:19:40,2454.31,100.0,-47.5,13.0,-47.5,2406.81,2405.76,100.0,True,
2026-03-18T13:53:40,55,RR1.00:13-14:571:2111,2026-03-18T13:19:40,2454.31,100.0,-47.5,13.0,-47.5,2406.81,2405.76,100.0,True,
2026-03-18T13:53:40,56,RR1.00:13-14:571:2111,2026-03-18T13:19:40,2454.31,100.0,-47.5,13.0,-47.5,2406.81,2405.76,100.0,True,
2026-03-18T21:34:40,4,RR1.00:20-21:514:1909,2026-03-18T20:35:40,2405.76,100.0,-106.0,136.5,-106.0,2299.76,2298.71,100.0,True,
2026-03-18T21:34:40,30,RR1.00:20-21:514:1909,2026-03-18T20:35:40,2405.76,100.0,-106.0,136.5,-106.0,2299.76,2298.71,100.0,True,
2026-03-18T21:34:40,31,RR1.00:20-21:514:1909,2026-03-18T20:35:40,2405.76,100.0,-106.0,136.5,-106.0,2299.76,2298.71,100.0,True,
2026-03-18T21:34:40,32,RR1.00:20-21:514:1909,2026-03-18T20:35:40,2405.76,100.0,-106.0,136.5,-106.0,2299.76,2298.71,100.0,True,
2026-03-18T21:34:40,33,RR1.00:20-21:514:1909,2026-03-18T20:35:40,2405.76,100.0,-106.0,136.5,-106.0,2299.76,2298.71,100.0,True,
2026-03-18T21:34:40,34,RR1.00:20-21:514:1909,2026-03-18T20:35:40,2405.76,100.0,-106.0,136.5,-106.0,2299.76,2298.71,100.0,True,
2026-03-18T21:34:40,35,RR1.00:20-21:514:1909,2026-03-18T20:35:40,2405.76,100.0,-106.0,136.5,-106.0,2299.76,2298.71,100.0,True,
2026-03-18T21:34:40,36,RR1.00:20-21:514:1909,2026-03-18T20:35:40,2405.76,100.0,-106.0,136.5,-106.0,2299.76,2298.71,100.0,True,
2026-03-18T21:34:40,37,RR1.00:20-21:514:1909,2026-03-18T20:35:40,2405.76,100.0,-106.0,136.5,-106.0,2299.76,2298.71,100.0,True,
2026-03-18T21:34:40,38,RR1.00:20-21:514:1909,2026-03-18T20:35:40,2405.76,100.0,-106.0,136.5,-106.0,2299.76,2298.71,100.0,True,
2026-03-18T21:34:40,39,RR1.00:20-21:514:1909,2026-03-18T20:35:40,2405.76,100.0,-106.0,136.5,-106.0,2299.76,2298.71,100.0,True,
2026-03-18T21:34:40,40,RR1.00:20-21:514:1909,2026-03-18T20:35:40,2405.76,100.0,-106.0,136.5,-106.0,2299.76,2298.71,100.0,True,
2026-03-18T21:34:40,41,RR1.00:20-21:514:1909,2026-03-18T20:35:40,2405.76,100.0,-106.0,136.5,-106.0,2299.76,2298.71,100.0,True,
2026-03-18T21:34:40,42,RR1.00:20-21:514:1909,2026-03-18T20:35:40,2405.76,100.0,-106.0,136.5,-106.0,2299.76,2298.71,100.0,True,
2026-03-18T21:34:40,43,RR1.00:20-21:514:1909,2026-03-18T20:35:40,2405.76,100.0,-106.0,136.5,-106.0,2299.76,2298.71,100.0,True,
2026-03-18T21:34:40,44,RR1.00:20-21:514:1909,2026-03-18T20:35:40,2405.76,100.0,-106.0,136.5,-106.0,2299.76,2298.71,100.0,True,
2026-03-18T21:34:40,48,RR1.00:20-21:514:1909,2026-03-18T20:35:40,2405.76,100.0,-106.0,136.5,-106.0,2299.76,2298.71,100.0,True,
2026-03-18T21:34:40,49,RR1.00:20-21:514:1909,2026-03-18T20:35:40,2405.76,100.0,-106.0,136.5,-106.0,2299.76,2298.71,100.0,True,
2026-03-18T21:34:40,55,RR1.00:20-21:514:1909,2026-03-18T20:35:40,2405.76,100.0,-106.0,136.5,-106.0,2299.76,2298.71,100.0,True,
2026-03-18T21:34:40,56,RR1.00:20-21:514:1909,2026-03-18T20:35:40,2405.76,100.0,-106.0,136.5,-106.0,2299.76,2298.71,100.0,True,
2026-03-19T05:30:00,4,RR1.00:4-5:530:2059,2026-03-19T04:24:40,2298.71,100.0,-67.5,144.0,122.0,2231.21,2419.66,100.0,True,
2026-03-19T05:30:00,30,RR1.00:4-5:530:2059,2026-03-19T04:24:40,2298.71,100.0,-67.5,144.0,122.0,2231.21,2419.66,100.0,True,
2026-03-19T05:30:00,31,RR1.00:4-5:530:2059,2026-03-19T04:24:40,2298.71,100.0,-67.5,144.0,122.0,2231.21,2419.66,100.0,True,
2026-03-19T05:30:00,32,RR1.00:4-5:530:2059,2026-03-19T04:24:40,2298.71,100.0,-67.5,144.0,122.0,2231.21,2419.66,100.0,True,
2026-03-19T05:30:00,33,RR1.00:4-5:530:2059,2026-03-19T04:24:40,2298.71,100.0,-67.5,144.0,122.0,2231.21,2419.66,100.0,True,
2026-03-19T05:30:00,34,RR1.00:4-5:530:2059,2026-03-19T04:24:40,2298.71,100.0,-67.5,144.0,122.0,2231.21,2419.66,100.0,True,
2026-03-19T05:30:00,35,RR1.00:4-5:530:2059,2026-03-19T04:24:40,2298.71,100.0,-67.5,144.0,122.0,2231.21,2419.66,100.0,True,
2026-03-19T05:30:00,36,RR1.00:4-5:530:2059,2026-03-19T04:24:40,2298.71,100.0,-67.5,144.0,122.0,2231.21,2419.66,100.0,True,
2026-03-19T05:30:00,37,RR1.00:4-5:530:2059,2026-03-19T04:24:40,2298.71,100.0,-67.5,144.0,122.0,2231.21,2419.66,100.0,True,
2026-03-19T05:30:00,38,RR1.00:4-5:530:2059,2026-03-19T04:24:40,2298.71,100.0,-67.5,144.0,122.0,2231.21,2419.66,100.0,True,
2026-03-19T05:30:00,39,RR1.00:4-5:530:2059,2026-03-19T04:24:40,2298.71,100.0,-67.5,144.0,122.0,2231.21,2419.66,100.0,True,
2026-03-19T05:30:00,40,RR1.00:4-5:530:2059,2026-03-19T04:24:40,2298.71,100.0,-67.5,144.0,122.0,2231.21,2419.66,100.0,True,
2026-03-19T05:30:00,41,RR1.00:4-5:530:2059,2026-03-19T04:24:40,2298.71,100.0,-67.5,144.0,122.0,2231.21,2419.66,100.0,True,
2026-03-19T05:30:00,42,RR1.00:4-5:530:2059,2026-03-19T04:24:40,2298.71,100.0,-67.5,144.0,122.0,2231.21,2419.66,100.0,True,
2026-03-19T05:30:00,43,RR1.00:4-5:530:2059,2026-03-19T04:24:40,2298.71,100.0,-67.5,144.0,122.0,2231.21,2419.66,100.0,True,
2026-03-19T05:30:00,44,RR1.00:4-5:530:2059,2026-03-19T04:24:40,2298.71,100.0,-67.5,144.0,122.0,2231.21,2419.66,100.0,True,
2026-03-19T05:30:00,48,RR1.00:4-5:530:2059,2026-03-19T04:24:40,2298.71,100.0,-67.5,144.0,122.0,2231.21,2419.66,100.0,True,
2026-03-19T05:30:00,49,RR1.00:4-5:530:2059,2026-03-19T04:24:40,2298.71,100.0,-67.5,144.0,122.0,2231.21,2419.66,100.0,True,
2026-03-19T05:30:00,55,RR1.00:4-5:530:2059,2026-03-19T04:24:40,2298.71,100.0,-67.5,144.0,122.0,2231.21,2419.66,100.0,True,
2026-03-19T05:30:00,56,RR1.00:4-5:530:2059,2026-03-19T04:24:40,2298.71,100.0,-67.5,144.0,122.0,2231.21,2419.66,100.0,True,
2026-03-19T09:38:40,4,RR1.00:9-10:557:2058,2026-03-19T09:06:40,2419.66,100.0,-91.0,35.0,-91.0,2328.66,2327.61,100.0,True,
2026-03-19T09:38:40,30,RR1.00:9-10:557:2058,2026-03-19T09:06:40,2419.66,100.0,-91.0,35.0,-91.0,2328.66,2327.61,100.0,True,
2026-03-19T09:38:40,31,RR1.00:9-10:557:2058,2026-03-19T09:06:40,2419.66,100.0,-91.0,35.0,-91.0,2328.66,2327.61,100.0,True,
2026-03-19T09:38:40,32,RR1.00:9-10:557:2058,2026-03-19T09:06:40,2419.66,100.0,-91.0,35.0,-91.0,2328.66,2327.61,100.0,True,
2026-03-19T09:38:40,33,RR1.00:9-10:557:2058,2026-03-19T09:06:40,2419.66,100.0,-91.0,35.0,-91.0,2328.66,2327.61,100.0,True,
2026-03-19T09:38:40,34,RR1.00:9-10:557:2058,2026-03-19T09:06:40,2419.66,100.0,-91.0,35.0,-91.0,2328.66,2327.61,100.0,True,
2026-03-19T09:38:40,35,RR1.00:9-10:557:2058,2026-03-19T09:06:40,2419.66,100.0,-91.0,35.0,-91.0,2328.66,2327.61,100.0,True,
2026-03-19T09:38:40,36,RR1.00:9-10:557:2058,2026-03-19T09:06:40,2419.66,100.0,-91.0,35.0,-91.0,2328.66,2327.61,100.0,True,
2026-03-19T09:38:40,37,RR1.00:9-10:557:2058,2026-03-19T09:06:40,2419.66,100.0,-91.0,35.0,-91.0,2328.66,2327.61,100.0,True,
2026-03-19T09:38:40,38,RR1.00:9-10:557:2058,2026-03-19T09:06:40,2419.66,100.0,-91.0,35.0,-91.0,2328.66,2327.61,100.0,True,
2026-03-19T09:38:40,39,RR1.00:9-10:557:2058,2026-03-19T09:06:40,2419.66,100.0,-91.0,35.0,-91.0,2328.66,2327.61,100.0,True,
2026-03-19T09:38:40,40,RR1.00:9-10:557:2058,2026-03-19T09:06:40,2419.66,100.0,-91.0,35.0,-91.0,2328.66,2327.61,100.0,True,
2026-03-19T09:38:40,41,RR1.00:9-10:557:2058,2026-03-19T09:06:40,2419.66,100.0,-91.0,35.0,-91.0,2328.66,2327.61,100.0,True,
2026-03-19T09:38:40,42,RR1.00:9-10:557:2058,2026-03-19T09:06:40,2419.66,100.0,-91.0,35.0,-91.0,2328.66,2327.61,100.0,True,
2026-03-19T09:38:40,43,RR1.00:9-10:557:2058,2026-03-19T09:06:40,2419.66,100.0,-91.0,35.0,-91.0,2328.66,2327.61,100.0,True,
2026-03-19T09:38:40,44,RR1.00:9-10:557:2058,2026-03-19T09:06:40,2419.66,100.0,-91.0,35.0,-91.0,2328.66,2327.61,100.0,True,
2026-03-19T09:38:40,48,RR1.00:9-10:557:2058,2026-03-19T09:06:40,2419.66,100.0,-91.0,35.0,-91.0,2328.66,2327.61,100.0,True,
2026-03-19T09:38:40,49,RR1.00:9-10:557:2058,2026-03-19T09:06:40,2419.66,100.0,-91.0,35.0,-91.0,2328.66,2327.61,100.0,True,
2026-03-19T09:38:40,55,RR1.00:9-10:557:2058,2026-03-19T09:06:40,2419.66,100.0,-91.0,35.0,-91.0,2328.66,2327.61,100.0,True,
2026-03-19T09:38:40,56,RR1.00:9-10:557:2058,2026-03-19T09:06:40,2419.66,100.0,-91.0,35.0,-91.0,2328.66,2327.61,100.0,True,
2026-03-19T12:25:40,4,RR1.00:12-13:512:2024,2026-03-19T12:01:40,2327.61,100.0,-132.5,50.0,-132.5,2195.11,2194.06,100.0,True,
2026-03-19T12:25:40,30,RR1.00:12-13:512:2024,2026-03-19T12:01:40,2327.61,100.0,-132.5,50.0,-132.5,2195.11,2194.06,100.0,True,
2026-03-19T12:25:40,31,RR1.00:12-13:512:2024,2026-03-19T12:01:40,2327.61,100.0,-132.5,50.0,-132.5,2195.11,2194.06,100.0,True,
2026-03-19T12:25:40,32,RR1.00:12-13:512:2024,2026-03-19T12:01:40,2327.61,100.0,-132.5,50.0,-132.5,2195.11,2194.06,100.0,True,
2026-03-19T12:25:40,33,RR1.00:12-13:512:2024,2026-03-19T12:01:40,2327.61,100.0,-132.5,50.0,-132.5,2195.11,2194.06,100.0,True,
2026-03-19T12:25:40,34,RR1.00:12-13:512:2024,2026-03-19T12:01:40,2327.61,100.0,-132.5,50.0,-132.5,2195.11,2194.06,100.0,True,
2026-03-19T12:25:40,35,RR1.00:12-13:512:2024,2026-03-19T12:01:40,2327.61,100.0,-132.5,50.0,-132.5,2195.11,2194.06,100.0,True,
2026-03-19T12:25:40,36,RR1.00:12-13:512:2024,2026-03-19T12:01:40,2327.61,100.0,-132.5,50.0,-132.5,2195.11,2194.06,100.0,True,
2026-03-19T12:25:40,37,RR1.00:12-13:512:2024,2026-03-19T12:01:40,2327.61,100.0,-132.5,50.0,-132.5,2195.11,2194.06,100.0,True,
2026-03-19T12:25:40,38,RR1.00:12-13:512:2024,2026-03-19T12:01:40,2327.61,100.0,-132.5,50.0,-132.5,2195.11,2194.06,100.0,True,
2026-03-19T12:25:40,39,RR1.00:12-13:512:2024,2026-03-19T12:01:40,2327.61,100.0,-132.5,50.0,-132.5,2195.11,2194.06,100.0,True,
2026-03-19T12:25:40,40,RR1.00:12-13:512:2024,2026-03-19T12:01:40,2327.61,100.0,-132.5,50.0,-132.5,2195.11,2194.06,100.0,True,
2026-03-19T12:25:40,41,RR1.00:12-13:512:2024,2026-03-19T12:01:40,2327.61,100.0,-132.5,50.0,-132.5,2195.11,2194.06,100.0,True,
2026-03-19T12:25:40,42,RR1.00:12-13:512:2024,2026-03-19T12:01:40,2327.61,100.0,-132.5,50.0,-132.5,2195.11,2194.06,100.0,True,
2026-03-19T12:25:40,43,RR1.00:12-13:512:2024,2026-03-19T12:01:40,2327.61,100.0,-132.5,50.0,-132.5,2195.11,2194.06,100.0,True,
2026-03-19T12:25:40,44,RR1.00:12-13:512:2024,2026-03-19T12:01:40,2327.61,100.0,-132.5,50.0,-132.5,2195.11,2194.06,100.0,True,
2026-03-19T12:25:40,48,RR1.00:12-13:512:2024,2026-03-19T12:01:40,2327.61,100.0,-132.5,50.0,-132.5,2195.11,2194.06,100.0,True,
2026-03-19T12:25:40,49,RR1.00:12-13:512:2024,2026-03-19T12:01:40,2327.61,100.0,-132.5,50.0,-132.5,2195.11,2194.06,100.0,True,
2026-03-19T12:25:40,55,RR1.00:12-13:512:2024,2026-03-19T12:01:40,2327.61,100.0,-132.5,50.0,-132.5,2195.11,2194.06,100.0,True,
2026-03-19T12:25:40,56,RR1.00:12-13:512:2024,2026-03-19T12:01:40,2327.61,100.0,-132.5,50.0,-132.5,2195.11,2194.06,100.0,True,
2026-03-19T15:02:40,4,RR1.00:12-13:513:2026,2026-03-19T12:49:40,2194.06,100.0,-193.0,107.0,-193.0,2001.06,2000.01,100.0,True,
2026-03-19T15:02:40,30,RR1.00:12-13:513:2026,2026-03-19T12:49:40,2194.06,100.0,-193.0,107.0,-193.0,2001.06,2000.01,100.0,True,
2026-03-19T15:02:40,31,RR1.00:12-13:513:2026,2026-03-19T12:49:40,2194.06,100.0,-193.0,107.0,-193.0,2001.06,2000.01,100.0,True,
2026-03-19T15:02:40,32,RR1.00:12-13:513:2026,2026-03-19T12:49:40,2194.06,100.0,-193.0,107.0,-193.0,2001.06,2000.01,100.0,True,
2026-03-19T15:02:40,33,RR1.00:12-13:513:2026,2026-03-19T12:49:40,2194.06,100.0,-193.0,107.0,-193.0,2001.06,2000.01,100.0,True,
2026-03-19T15:02:40,34,RR1.00:12-13:513:2026,2026-03-19T12:49:40,2194.06,100.0,-193.0,107.0,-193.0,2001.06,2000.01,100.0,True,
2026-03-19T15:02:40,35,RR1.00:12-13:513:2026,2026-03-19T12:49:40,2194.06,100.0,-193.0,107.0,-193.0,2001.06,2000.01,100.0,True,
2026-03-19T15:02:40,36,RR1.00:12-13:513:2026,2026-03-19T12:49:40,2194.06,100.0,-193.0,107.0,-193.0,2001.06,2000.01,100.0,True,
2026-03-19T15:02:40,37,RR1.00:12-13:513:2026,2026-03-19T12:49:40,2194.06,100.0,-193.0,107.0,-193.0,2001.06,2000.01,100.0,True,
2026-03-19T15:02:40,38,RR1.00:12-13:513:2026,2026-03-19T12:49:40,2194.06,100.0,-193.0,107.0,-193.0,2001.06,2000.01,100.0,True,
2026-03-19T15:02:40,39,RR1.00:12-13:513:2026,2026-03-19T12:49:40,2194.06,100.0,-193.0,107.0,-193.0,2001.06,2000.01,100.0,True,
2026-03-19T15:02:40,40,RR1.00:12-13:513:2026,2026-03-19T12:49:40,2194.06,100.0,-193.0,107.0,-193.0,2001.06,2000.01,100.0,True,
2026-03-19T15:02:40,41,RR1.00:12-13:513:2026,2026-03-19T12:49:40,2194.06,100.0,-193.0,107.0,-193.0,2001.06,2000.01,100.0,True,
2026-03-19T15:02:40,42,RR1.00:12-13:513:2026,2026-03-19T12:49:40,2194.06,100.0,-193.0,107.0,-193.0,2001.06,2000.01,100.0,True,
2026-03-19T15:02:40,43,RR1.00:12-13:513:2026,2026-03-19T12:49:40,2194.06,100.0,-193.0,107.0,-193.0,2001.06,2000.01,100.0,True,
2026-03-19T15:02:40,44,RR1.00:12-13:513:2026,2026-03-19T12:49:40,2194.06,100.0,-193.0,107.0,-193.0,2001.06,2000.01,100.0,True,
2026-03-19T15:02:40,48,RR1.00:12-13:513:2026,2026-03-19T12:49:40,2194.06,100.0,-193.0,107.0,-193.0,2001.06,2000.01,100.0,True,
2026-03-19T15:02:40,49,RR1.00:12-13:513:2026,2026-03-19T12:49:40,2194.06,100.0,-193.0,107.0,-193.0,2001.06,2000.01,100.0,True,
2026-03-19T15:02:40,55,RR1.00:12-13:513:2026,2026-03-19T12:49:40,2194.06,100.0,-193.0,107.0,-193.0,2001.06,2000.01,100.0,True,
2026-03-19T15:02:40,56,RR1.00:12-13:513:2026,2026-03-19T12:49:40,2194.06,100.0,-193.0,107.0,-193.0,2001.06,2000.01,100.0,True,
2026-03-19T18:37:20,4,RR1.00:16-17:849:2425,2026-03-19T16:54:40,2000.01,100.0,-214.5,139.0,-214.5,1785.51,1784.46,100.0,True,
2026-03-19T18:37:20,30,RR1.00:16-17:849:2425,2026-03-19T16:54:40,2000.01,100.0,-214.5,139.0,-214.5,1785.51,1784.46,100.0,True,
2026-03-19T18:37:20,31,RR1.00:16-17:849:2425,2026-03-19T16:54:40,2000.01,100.0,-214.5,139.0,-214.5,1785.51,1784.46,100.0,True,
2026-03-19T18:37:20,32,RR1.00:16-17:849:2425,2026-03-19T16:54:40,2000.01,100.0,-214.5,139.0,-214.5,1785.51,1784.46,100.0,True,
2026-03-19T18:37:20,33,RR1.00:16-17:849:2425,2026-03-19T16:54:40,2000.01,100.0,-214.5,139.0,-214.5,1785.51,1784.46,100.0,True,
2026-03-19T18:37:20,34,RR1.00:16-17:849:2425,2026-03-19T16:54:40,2000.01,100.0,-214.5,139.0,-214.5,1785.51,1784.46,100.0,True,
2026-03-19T18:37:20,35,RR1.00:16-17:849:2425,2026-03-19T16:54:40,2000.01,100.0,-214.5,139.0,-214.5,1785.51,1784.46,100.0,True,
2026-03-19T18:37:20,36,RR1.00:16-17:849:2425,2026-03-19T16:54:40,2000.01,100.0,-214.5,139.0,-214.5,1785.51,1784.46,100.0,True,
2026-03-19T18:37:20,37,RR1.00:16-17:849:2425,2026-03-19T16:54:40,2000.01,100.0,-214.5,139.0,-214.5,1785.51,1784.46,100.0,True,
2026-03-19T18:37:20,38,RR1.00:16-17:849:2425,2026-03-19T16:54:40,2000.01,100.0,-214.5,139.0,-214.5,1785.51,1784.46,100.0,True,
2026-03-19T18:37:20,39,RR1.00:16-17:849:2425,2026-03-19T16:54:40,2000.01,100.0,-214.5,139.0,-214.5,1785.51,1784.46,100.0,True,
2026-03-19T18:37:20,40,RR1.00:16-17:849:2425,2026-03-19T16:54:40,2000.01,100.0,-214.5,139.0,-214.5,1785.51,1784.46,100.0,True,
2026-03-19T18:37:20,41,RR1.00:16-17:849:2425,2026-03-19T16:54:40,2000.01,100.0,-214.5,139.0,-214.5,1785.51,1784.46,100.0,True,
2026-03-19T18:37:20,42,RR1.00:16-17:849:2425,2026-03-19T16:54:40,2000.01,100.0,-214.5,139.0,-214.5,1785.51,1784.46,100.0,True,
2026-03-19T18:37:20,43,RR1.00:16-17:849:2425,2026-03-19T16:54:40,2000.01,100.0,-214.5,139.0,-214.5,1785.51,1784.46,100.0,True,
2026-03-19T18:37:20,44,RR1.00:16-17:849:2425,2026-03-19T16:54:40,2000.01,100.0,-214.5,139.0,-214.5,1785.51,1784.46,100.0,True,
2026-03-19T18:37:20,48,RR1.00:16-17:849:2425,2026-03-19T16:54:40,2000.01,100.0,-214.5,139.0,-214.5,1785.51,1784.46,100.0,True,
2026-03-19T18:37:20,49,RR1.00:16-17:849:2425,2026-03-19T16:54:40,2000.01,100.0,-214.5,139.0,-214.5,1785.51,1784.46,100.0,True,
2026-03-19T18:37:20,55,RR1.00:16-17:849:2425,2026-03-19T16:54:40,2000.01,100.0,-214.5,139.0,-214.5,1785.51,1784.46,100.0,True,
2026-03-19T18:37:20,56,RR1.00:16-17:849:2425,2026-03-19T16:54:40,2000.01,100.0,-214.5,139.0,-214.5,1785.51,1784.46,100.0,True,
2026-03-19T22:30:00,4,RR1.00:20-21:515:1912,2026-03-19T20:31:20,1784.46,100.0,-105.0,456.0,267.5,1679.46,2050.91,100.0,True,
2026-03-19T22:30:00,30,RR1.00:20-21:515:1912,2026-03-19T20:31:20,1784.46,100.0,-105.0,456.0,267.5,1679.46,2050.91,100.0,True,
2026-03-19T22:30:00,31,RR1.00:20-21:515:1912,2026-03-19T20:31:20,1784.46,100.0,-105.0,456.0,267.5,1679.46,2050.91,100.0,True,
2026-03-19T22:30:00,32,RR1.00:20-21:515:1912,2026-03-19T20:31:20,1784.46,100.0,-105.0,456.0,267.5,1679.46,2050.91,100.0,True,
2026-03-19T22:30:00,33,RR1.00:20-21:515:1912,2026-03-19T20:31:20,1784.46,100.0,-105.0,456.0,267.5,1679.46,2050.91,100.0,True,
2026-03-19T22:30:00,34,RR1.00:20-21:515:1912,2026-03-19T20:31:20,1784.46,100.0,-105.0,456.0,267.5,1679.46,2050.91,100.0,True,
2026-03-19T22:30:00,35,RR1.00:20-21:515:1912,2026-03-19T20:31:20,1784.46,100.0,-105.0,456.0,267.5,1679.46,2050.91,100.0,True,
2026-03-19T22:30:00,36,RR1.00:20-21:515:1912,2026-03-19T20:31:20,1784.46,100.0,-105.0,456.0,267.5,1679.46,2050.91,100.0,True,
2026-03-19T22:30:00,37,RR1.00:20-21:515:1912,2026-03-19T20:31:20,1784.46,100.0,-105.0,456.0,267.5,1679.46,2050.91,100.0,True,
2026-03-19T22:30:00,38,RR1.00:20-21:515:1912,2026-03-19T20:31:20,1784.46,100.0,-105.0,456.0,267.5,1679.46,2050.91,100.0,True,
2026-03-19T22:30:00,39,RR1.00:20-21:515:1912,2026-03-19T20:31:20,1784.46,100.0,-105.0,456.0,267.5,1679.46,2050.91,100.0,True,
2026-03-19T22:30:00,40,RR1.00:20-21:515:1912,2026-03-19T20:31:20,1784.46,100.0,-105.0,456.0,267.5,1679.46,2050.91,100.0,True,
2026-03-19T22:30:00,41,RR1.00:20-21:515:1912,2026-03-19T20:31:20,1784.46,100.0,-105.0,456.0,267.5,1679.46,2050.91,100.0,True,
2026-03-19T22:30:00,42,RR1.00:20-21:515:1912,2026-03-19T20:31:20,1784.46,100.0,-105.0,456.0,267.5,1679.46,2050.91,100.0,True,
2026-03-19T22:30:00,43,RR1.00:20-21:515:1912,2026-03-19T20:31:20,1784.46,100.0,-105.0,456.0,267.5,1679.46,2050.91,100.0,True,
2026-03-19T22:30:00,44,RR1.00:20-21:515:1912,2026-03-19T20:31:20,1784.46,100.0,-105.0,456.0,267.5,1679.46,2050.91,100.0,True,
2026-03-19T22:30:00,48,RR1.00:20-21:515:1912,2026-03-19T20:31:20,1784.46,100.0,-105.0,456.0,267.5,1679.46,2050.91,100.0,True,
2026-03-19T22:30:00,49,RR1.00:20-21:515:1912,2026-03-19T20:31:20,1784.46,100.0,-105.0,456.0,267.5,1679.46,2050.91,100.0,True,
2026-03-19T22:30:00,55,RR1.00:20-21:515:1912,2026-03-19T20:31:20,1784.46,100.0,-105.0,456.0,267.5,1679.46,2050.91,100.0,True,
2026-03-19T22:30:00,56,RR1.00:20-21:515:1912,2026-03-19T20:31:20,1784.46,100.0,-105.0,456.0,267.5,1679.46,2050.91,100.0,True,
2026-03-19T23:30:00,4,RR1.00:23-24:111:841,2026-03-19T23:07:40,2050.91,100.0,-49.0,36.5,15.0,2001.91,2064.86,100.0,True,
2026-03-19T23:30:00,30,RR1.00:23-24:111:841,2026-03-19T23:07:40,2050.91,100.0,-49.0,36.5,15.0,2001.91,2064.86,100.0,True,
2026-03-19T23:30:00,31,RR1.00:23-24:111:841,2026-03-19T23:07:40,2050.91,100.0,-49.0,36.5,15.0,2001.91,2064.86,100.0,True,
2026-03-19T23:30:00,32,RR1.00:23-24:111:841,2026-03-19T23:07:40,2050.91,100.0,-49.0,36.5,15.0,2001.91,2064.86,100.0,True,
2026-03-19T23:30:00,33,RR1.00:23-24:111:841,2026-03-19T23:07:40,2050.91,100.0,-49.0,36.5,15.0,2001.91,2064.86,100.0,True,
2026-03-19T23:30:00,34,RR1.00:23-24:111:841,2026-03-19T23:07:40,2050.91,100.0,-49.0,36.5,15.0,2001.91,2064.86,100.0,True,
2026-03-19T23:30:00,35,RR1.00:23-24:111:841,2026-03-19T23:07:40,2050.91,100.0,-49.0,36.5,15.0,2001.91,2064.86,100.0,True,
2026-03-19T23:30:00,36,RR1.00:23-24:111:841,2026-03-19T23:07:40,2050.91,100.0,-49.0,36.5,15.0,2001.91,2064.86,100.0,True,
2026-03-19T23:30:00,37,RR1.00:23-24:111:841,2026-03-19T23:07:40,2050.91,100.0,-49.0,36.5,15.0,2001.91,2064.86,100.0,True,
2026-03-19T23:30:00,38,RR1.00:23-24:111:841,2026-03-19T23:07:40,2050.91,100.0,-49.0,36.5,15.0,2001.91,2064.86,100.0,True,
2026-03-19T23:30:00,39,RR1.00:23-24:111:841,2026-03-19T23:07:40,2050.91,100.0,-49.0,36.5,15.0,2001.91,2064.86,100.0,True,
2026-03-19T23:30:00,40,RR1.00:23-24:111:841,2026-03-19T23:07:40,2050.91,100.0,-49.0,36.5,15.0,2001.91,2064.86,100.0,True,
2026-03-19T23:30:00,41,RR1.00:23-24:111:841,2026-03-19T23:07:40,2050.91,100.0,-49.0,36.5,15.0,2001.91,2064.86,100.0,True,
2026-03-19T23:30:00,42,RR1.00:23-24:111:841,2026-03-19T23:07:40,2050.91,100.0,-49.0,36.5,15.0,2001.91,2064.86,100.0,True,
2026-03-19T23:30:00,43,RR1.00:23-24:111:841,2026-03-19T23:07:40,2050.91,100.0,-49.0,36.5,15.0,2001.91,2064.86,100.0,True,
2026-03-19T23:30:00,44,RR1.00:23-24:111:841,2026-03-19T23:07:40,2050.91,100.0,-49.0,36.5,15.0,2001.91,2064.86,100.0,True,
2026-03-19T23:30:00,48,RR1.00:23-24:111:841,2026-03-19T23:07:40,2050.91,100.0,-49.0,36.5,15.0,2001.91,2064.86,100.0,True,
2026-03-19T23:30:00,49,RR1.00:23-24:111:841,2026-03-19T23:07:40,2050.91,100.0,-49.0,36.5,15.0,2001.91,2064.86,100.0,True,
2026-03-19T23:30:00,55,RR1.00:23-24:111:841,2026-03-19T23:07:40,2050.91,100.0,-49.0,36.5,15.0,2001.91,2064.86,100.0,True,
2026-03-19T23:30:00,56,RR1.00:23-24:111:841,2026-03-19T23:07:40,2050.91,100.0,-49.0,36.5,15.0,2001.91,2064.86,100.0,True,
2026-03-20T02:22:40,4,RR1.00:2-3:559:2108,2026-03-20T02:06:20,2064.86,100.0,-56.0,18.5,-56.0,2008.86,2007.81,100.0,True,
2026-03-20T02:22:40,30,RR1.00:2-3:559:2108,2026-03-20T02:06:20,2064.86,100.0,-56.0,18.5,-56.0,2008.86,2007.81,100.0,True,
2026-03-20T02:22:40,31,RR1.00:2-3:559:2108,2026-03-20T02:06:20,2064.86,100.0,-56.0,18.5,-56.0,2008.86,2007.81,100.0,True,
2026-03-20T02:22:40,32,RR1.00:2-3:559:2108,2026-03-20T02:06:20,2064.86,100.0,-56.0,18.5,-56.0,2008.86,2007.81,100.0,True,
2026-03-20T02:22:40,33,RR1.00:2-3:559:2108,2026-03-20T02:06:20,2064.86,100.0,-56.0,18.5,-56.0,2008.86,2007.81,100.0,True,
2026-03-20T02:22:40,34,RR1.00:2-3:559:2108,2026-03-20T02:06:20,2064.86,100.0,-56.0,18.5,-56.0,2008.86,2007.81,100.0,True,
2026-03-20T02:22:40,35,RR1.00:2-3:559:2108,2026-03-20T02:06:20,2064.86,100.0,-56.0,18.5,-56.0,2008.86,2007.81,100.0,True,
2026-03-20T02:22:40,36,RR1.00:2-3:559:2108,2026-03-20T02:06:20,2064.86,100.0,-56.0,18.5,-56.0,2008.86,2007.81,100.0,True,
2026-03-20T02:22:40,37,RR1.00:2-3:559:2108,2026-03-20T02:06:20,2064.86,100.0,-56.0,18.5,-56.0,2008.86,2007.81,100.0,True,
2026-03-20T02:22:40,38,RR1.00:2-3:559:2108,2026-03-20T02:06:20,2064.86,100.0,-56.0,18.5,-56.0,2008.86,2007.81,100.0,True,
2026-03-20T02:22:40,39,RR1.00:2-3:559:2108,2026-03-20T02:06:20,2064.86,100.0,-56.0,18.5,-56.0,2008.86,2007.81,100.0,True,
2026-03-20T02:22:40,40,RR1.00:2-3:559:2108,2026-03-20T02:06:20,2064.86,100.0,-56.0,18.5,-56.0,2008.86,2007.81,100.0,True,
2026-03-20T02:22:40,41,RR1.00:2-3:559:2108,2026-03-20T02:06:20,2064.86,100.0,-56.0,18.5,-56.0,2008.86,2007.81,100.0,True,
2026-03-20T02:22:40,42,RR1.00:2-3:559:2108,2026-03-20T02:06:20,2064.86,100.0,-56.0,18.5,-56.0,2008.86,2007.81,100.0,True,
2026-03-20T02:22:40,43,RR1.00:2-3:559:2108,2026-03-20T02:06:20,2064.86,100.0,-56.0,18.5,-56.0,2008.86,2007.81,100.0,True,
2026-03-20T02:22:40,44,RR1.00:2-3:559:2108,2026-03-20T02:06:20,2064.86,100.0,-56.0,18.5,-56.0,2008.86,2007.81,100.0,True,
2026-03-20T02:22:40,48,RR1.00:2-3:559:2108,2026-03-20T02:06:20,2064.86,100.0,-56.0,18.5,-56.0,2008.86,2007.81,100.0,True,
2026-03-20T02:22:40,49,RR1.00:2-3:559:2108,2026-03-20T02:06:20,2064.86,100.0,-56.0,18.5,-56.0,2008.86,2007.81,100.0,True,
2026-03-20T02:22:40,55,RR1.00:2-3:559:2108,2026-03-20T02:06:20,2064.86,100.0,-56.0,18.5,-56.0,2008.86,2007.81,100.0,True,
2026-03-20T02:22:40,56,RR1.00:2-3:559:2108,2026-03-20T02:06:20,2064.86,100.0,-56.0,18.5,-56.0,2008.86,2007.81,100.0,True,
2026-03-20T07:18:40,4,RR1.00:6-7:536:2055,2026-03-20T06:32:40,2007.81,100.0,-53.5,9.0,-53.5,1954.31,1953.26,100.0,True,
2026-03-20T07:18:40,30,RR1.00:6-7:536:2055,2026-03-20T06:32:40,2007.81,100.0,-53.5,9.0,-53.5,1954.31,1953.26,100.0,True,
2026-03-20T07:18:40,31,RR1.00:6-7:536:2055,2026-03-20T06:32:40,2007.81,100.0,-53.5,9.0,-53.5,1954.31,1953.26,100.0,True,
2026-03-20T07:18:40,32,RR1.00:6-7:536:2055,2026-03-20T06:32:40,2007.81,100.0,-53.5,9.0,-53.5,1954.31,1953.26,100.0,True,
2026-03-20T07:18:40,33,RR1.00:6-7:536:2055,2026-03-20T06:32:40,2007.81,100.0,-53.5,9.0,-53.5,1954.31,1953.26,100.0,True,
2026-03-20T07:18:40,34,RR1.00:6-7:536:2055,2026-03-20T06:32:40,2007.81,100.0,-53.5,9.0,-53.5,1954.31,1953.26,100.0,True,
2026-03-20T07:18:40,35,RR1.00:6-7:536:2055,2026-03-20T06:32:40,2007.81,100.0,-53.5,9.0,-53.5,1954.31,1953.26,100.0,True,
2026-03-20T07:18:40,36,RR1.00:6-7:536:2055,2026-03-20T06:32:40,2007.81,100.0,-53.5,9.0,-53.5,1954.31,1953.26,100.0,True,
2026-03-20T07:18:40,37,RR1.00:6-7:536:2055,2026-03-20T06:32:40,2007.81,100.0,-53.5,9.0,-53.5,1954.31,1953.26,100.0,True,
2026-03-20T07:18:40,38,RR1.00:6-7:536:2055,2026-03-20T06:32:40,2007.81,100.0,-53.5,9.0,-53.5,1954.31,1953.26,100.0,True,
2026-03-20T07:18:40,39,RR1.00:6-7:536:2055,2026-03-20T06:32:40,2007.81,100.0,-53.5,9.0,-53.5,1954.31,1953.26,100.0,True,
2026-03-20T07:18:40,40,RR1.00:6-7:536:2055,2026-03-20T06:32:40,2007.81,100.0,-53.5,9.0,-53.5,1954.31,1953.26,100.0,True,
2026-03-20T07:18:40,41,RR1.00:6-7:536:2055,2026-03-20T06:32:40,2007.81,100.0,-53.5,9.0,-53.5,1954.31,1953.26,100.0,True,
2026-03-20T07:18:40,42,RR1.00:6-7:536:2055,2026-03-20T06:32:40,2007.81,100.0,-53.5,9.0,-53.5,1954.31,1953.26,100.0,True,
2026-03-20T07:18:40,43,RR1.00:6-7:536:2055,2026-03-20T06:32:40,2007.81,100.0,-53.5,9.0,-53.5,1954.31,1953.26,100.0,True,
2026-03-20T07:18:40,44,RR1.00:6-7:536:2055,2026-03-20T06:32:40,2007.81,100.0,-53.5,9.0,-53.5,1954.31,1953.26,100.0,True,
2026-03-20T07:18:40,48,RR1.00:6-7:536:2055,2026-03-20T06:32:40,2007.81,100.0,-53.5,9.0,-53.5,1954.31,1953.26,100.0,True,
2026-03-20T07:18:40,49,RR1.00:6-7:536:2055,2026-03-20T06:32:40,2007.81,100.0,-53.5,9.0,-53.5,1954.31,1953.26,100.0,True,
2026-03-20T07:18:40,55,RR1.00:6-7:536:2055,2026-03-20T06:32:40,2007.81,100.0,-53.5,9.0,-53.5,1954.31,1953.26,100.0,True,
2026-03-20T07:18:40,56,RR1.00:6-7:536:2055,2026-03-20T06:32:40,2007.81,100.0,-53.5,9.0,-53.5,1954.31,1953.26,100.0,True,
2026-03-20T09:11:40,4,RR1.00:9-10:558:2060,2026-03-20T09:03:40,1953.26,100.0,-44.0,2.0,-44.0,1909.26,1908.21,100.0,True,
2026-03-20T09:11:40,30,RR1.00:9-10:558:2060,2026-03-20T09:03:40,1953.26,100.0,-44.0,2.0,-44.0,1909.26,1908.21,100.0,True,
2026-03-20T09:11:40,31,RR1.00:9-10:558:2060,2026-03-20T09:03:40,1953.26,100.0,-44.0,2.0,-44.0,1909.26,1908.21,100.0,True,
2026-03-20T09:11:40,32,RR1.00:9-10:558:2060,2026-03-20T09:03:40,1953.26,100.0,-44.0,2.0,-44.0,1909.26,1908.21,100.0,True,
2026-03-20T09:11:40,33,RR1.00:9-10:558:2060,2026-03-20T09:03:40,1953.26,100.0,-44.0,2.0,-44.0,1909.26,1908.21,100.0,True,
2026-03-20T09:11:40,34,RR1.00:9-10:558:2060,2026-03-20T09:03:40,1953.26,100.0,-44.0,2.0,-44.0,1909.26,1908.21,100.0,True,
2026-03-20T09:11:40,35,RR1.00:9-10:558:2060,2026-03-20T09:03:40,1953.26,100.0,-44.0,2.0,-44.0,1909.26,1908.21,100.0,True,
2026-03-20T09:11:40,36,RR1.00:9-10:558:2060,2026-03-20T09:03:40,1953.26,100.0,-44.0,2.0,-44.0,1909.26,1908.21,100.0,True,
2026-03-20T09:11:40,37,RR1.00:9-10:558:2060,2026-03-20T09:03:40,1953.26,100.0,-44.0,2.0,-44.0,1909.26,1908.21,100.0,True,
2026-03-20T09:11:40,38,RR1.00:9-10:558:2060,2026-03-20T09:03:40,1953.26,100.0,-44.0,2.0,-44.0,1909.26,1908.21,100.0,True,
2026-03-20T09:11:40,39,RR1.00:9-10:558:2060,2026-03-20T09:03:40,1953.26,100.0,-44.0,2.0,-44.0,1909.26,1908.21,100.0,True,
2026-03-20T09:11:40,40,RR1.00:9-10:558:2060,2026-03-20T09:03:40,1953.26,100.0,-44.0,2.0,-44.0,1909.26,1908.21,100.0,True,
2026-03-20T09:11:40,41,RR1.00:9-10:558:2060,2026-03-20T09:03:40,1953.26,100.0,-44.0,2.0,-44.0,1909.26,1908.21,100.0,True,
2026-03-20T09:11:40,42,RR1.00:9-10:558:2060,2026-03-20T09:03:40,1953.26,100.0,-44.0,2.0,-44.0,1909.26,1908.21,100.0,True,
2026-03-20T09:11:40,43,RR1.00:9-10:558:2060,2026-03-20T09:03:40,1953.26,100.0,-44.0,2.0,-44.0,1909.26,1908.21,100.0,True,
2026-03-20T09:11:40,44,RR1.00:9-10:558:2060,2026-03-20T09:03:40,1953.26,100.0,-44.0,2.0,-44.0,1909.26,1908.21,100.0,True,
2026-03-20T09:11:40,48,RR1.00:9-10:558:2060,2026-03-20T09:03:40,1953.26,100.0,-44.0,2.0,-44.0,1909.26,1908.21,100.0,True,
2026-03-20T09:11:40,49,RR1.00:9-10:558:2060,2026-03-20T09:03:40,1953.26,100.0,-44.0,2.0,-44.0,1909.26,1908.21,100.0,True,
2026-03-20T09:11:40,55,RR1.00:9-10:558:2060,2026-03-20T09:03:40,1953.26,100.0,-44.0,2.0,-44.0,1909.26,1908.21,100.0,True,
2026-03-20T09:11:40,56,RR1.00:9-10:558:2060,2026-03-20T09:03:40,1953.26,100.0,-44.0,2.0,-44.0,1909.26,1908.21,100.0,True,
2026-03-20T12:19:40,4,RR1.00:10-11:588:2134,2026-03-20T10:33:40,1908.21,100.0,-103.0,92.0,-103.0,1805.21,1804.16,100.0,True,
2026-03-20T12:19:40,30,RR1.00:10-11:588:2134,2026-03-20T10:33:40,1908.21,100.0,-103.0,92.0,-103.0,1805.21,1804.16,100.0,True,
2026-03-20T12:19:40,31,RR1.00:10-11:588:2134,2026-03-20T10:33:40,1908.21,100.0,-103.0,92.0,-103.0,1805.21,1804.16,100.0,True,
2026-03-20T12:19:40,32,RR1.00:10-11:588:2134,2026-03-20T10:33:40,1908.21,100.0,-103.0,92.0,-103.0,1805.21,1804.16,100.0,True,
2026-03-20T12:19:40,33,RR1.00:10-11:588:2134,2026-03-20T10:33:40,1908.21,100.0,-103.0,92.0,-103.0,1805.21,1804.16,100.0,True,
2026-03-20T12:19:40,34,RR1.00:10-11:588:2134,2026-03-20T10:33:40,1908.21,100.0,-103.0,92.0,-103.0,1805.21,1804.16,100.0,True,
2026-03-20T12:19:40,35,RR1.00:10-11:588:2134,2026-03-20T10:33:40,1908.21,100.0,-103.0,92.0,-103.0,1805.21,1804.16,100.0,True,
2026-03-20T12:19:40,36,RR1.00:10-11:588:2134,2026-03-20T10:33:40,1908.21,100.0,-103.0,92.0,-103.0,1805.21,1804.16,100.0,True,
2026-03-20T12:19:40,37,RR1.00:10-11:588:2134,2026-03-20T10:33:40,1908.21,100.0,-103.0,92.0,-103.0,1805.21,1804.16,100.0,True,
2026-03-20T12:19:40,38,RR1.00:10-11:588:2134,2026-03-20T10:33:40,1908.21,100.0,-103.0,92.0,-103.0,1805.21,1804.16,100.0,True,
2026-03-20T12:19:40,39,RR1.00:10-11:588:2134,2026-03-20T10:33:40,1908.21,100.0,-103.0,92.0,-103.0,1805.21,1804.16,100.0,True,
2026-03-20T12:19:40,40,RR1.00:10-11:588:2134,2026-03-20T10:33:40,1908.21,100.0,-103.0,92.0,-103.0,1805.21,1804.16,100.0,True,
2026-03-20T12:19:40,41,RR1.00:10-11:588:2134,2026-03-20T10:33:40,1908.21,100.0,-103.0,92.0,-103.0,1805.21,1804.16,100.0,True,
2026-03-20T12:19:40,42,RR1.00:10-11:588:2134,2026-03-20T10:33:40,1908.21,100.0,-103.0,92.0,-103.0,1805.21,1804.16,100.0,True,
2026-03-20T12:19:40,43,RR1.00:10-11:588:2134,2026-03-20T10:33:40,1908.21,100.0,-103.0,92.0,-103.0,1805.21,1804.16,100.0,True,
2026-03-20T12:19:40,44,RR1.00:10-11:588:2134,2026-03-20T10:33:40,1908.21,100.0,-103.0,92.0,-103.0,1805.21,1804.16,100.0,True,
2026-03-20T12:19:40,48,RR1.00:10-11:588:2134,2026-03-20T10:33:40,1908.21,100.0,-103.0,92.0,-103.0,1805.21,1804.16,100.0,True,
2026-03-20T12:19:40,49,RR1.00:10-11:588:2134,2026-03-20T10:33:40,1908.21,100.0,-103.0,92.0,-103.0,1805.21,1804.16,100.0,True,
2026-03-20T12:19:40,55,RR1.00:10-11:588:2134,2026-03-20T10:33:40,1908.21,100.0,-103.0,92.0,-103.0,1805.21,1804.16,100.0,True,
2026-03-20T12:19:40,56,RR1.00:10-11:588:2134,2026-03-20T10:33:40,1908.21,100.0,-103.0,92.0,-103.0,1805.21,1804.16,100.0,True,
2026-03-20T16:31:40,4,RR1.00:15-16:684:2240,2026-03-20T15:00:40,1804.16,100.0,-106.0,127.5,-106.0,1698.16,1697.11,100.0,True,
2026-03-20T16:31:40,30,RR1.00:15-16:684:2240,2026-03-20T15:00:40,1804.16,100.0,-106.0,127.5,-106.0,1698.16,1697.11,100.0,True,
2026-03-20T16:31:40,31,RR1.00:15-16:684:2240,2026-03-20T15:00:40,1804.16,100.0,-106.0,127.5,-106.0,1698.16,1697.11,100.0,True,
2026-03-20T16:31:40,32,RR1.00:15-16:684:2240,2026-03-20T15:00:40,1804.16,100.0,-106.0,127.5,-106.0,1698.16,1697.11,100.0,True,
2026-03-20T16:31:40,33,RR1.00:15-16:684:2240,2026-03-20T15:00:40,1804.16,100.0,-106.0,127.5,-106.0,1698.16,1697.11,100.0,True,
2026-03-20T16:31:40,34,RR1.00:15-16:684:2240,2026-03-20T15:00:40,1804.16,100.0,-106.0,127.5,-106.0,1698.16,1697.11,100.0,True,
2026-03-20T16:31:40,35,RR1.00:15-16:684:2240,2026-03-20T15:00:40,1804.16,100.0,-106.0,127.5,-106.0,1698.16,1697.11,100.0,True,
2026-03-20T16:31:40,36,RR1.00:15-16:684:2240,2026-03-20T15:00:40,1804.16,100.0,-106.0,127.5,-106.0,1698.16,1697.11,100.0,True,
2026-03-20T16:31:40,37,RR1.00:15-16:684:2240,2026-03-20T15:00:40,1804.16,100.0,-106.0,127.5,-106.0,1698.16,1697.11,100.0,True,
2026-03-20T16:31:40,38,RR1.00:15-16:684:2240,2026-03-20T15:00:40,1804.16,100.0,-106.0,127.5,-106.0,1698.16,1697.11,100.0,True,
2026-03-20T16:31:40,39,RR1.00:15-16:684:2240,2026-03-20T15:00:40,1804.16,100.0,-106.0,127.5,-106.0,1698.16,1697.11,100.0,True,
2026-03-20T16:31:40,40,RR1.00:15-16:684:2240,2026-03-20T15:00:40,1804.16,100.0,-106.0,127.5,-106.0,1698.16,1697.11,100.0,True,
2026-03-20T16:31:40,41,RR1.00:15-16:684:2240,2026-03-20T15:00:40,1804.16,100.0,-106.0,127.5,-106.0,1698.16,1697.11,100.0,True,
2026-03-20T16:31:40,42,RR1.00:15-16:684:2240,2026-03-20T15:00:40,1804.16,100.0,-106.0,127.5,-106.0,1698.16,1697.11,100.0,True,
2026-03-20T16:31:40,43,RR1.00:15-16:684:2240,2026-03-20T15:00:40,1804.16,100.0,-106.0,127.5,-106.0,1698.16,1697.11,100.0,True,
2026-03-20T16:31:40,44,RR1.00:15-16:684:2240,2026-03-20T15:00:40,1804.16,100.0,-106.0,127.5,-106.0,1698.16,1697.11,100.0,True,
2026-03-20T16:31:40,48,RR1.00:15-16:684:2240,2026-03-20T15:00:40,1804.16,100.0,-106.0,127.5,-106.0,1698.16,1697.11,100.0,True,
2026-03-20T16:31:40,49,RR1.00:15-16:684:2240,2026-03-20T15:00:40,1804.16,100.0,-106.0,127.5,-106.0,1698.16,1697.11,100.0,True,
2026-03-20T16:31:40,55,RR1.00:15-16:684:2240,2026-03-20T15:00:40,1804.16,100.0,-106.0,127.5,-106.0,1698.16,1697.11,100.0,True,
2026-03-20T16:31:40,56,RR1.00:15-16:684:2240,2026-03-20T15:00:40,1804.16,100.0,-106.0,127.5,-106.0,1698.16,1697.11,100.0,True,
2026-03-20T20:05:40,4,RR1.00:18-19:464:1976,2026-03-20T18:23:40,1697.11,100.0,-191.0,64.0,-191.0,1506.11,1505.06,100.0,True,
2026-03-20T20:05:40,30,RR1.00:18-19:464:1976,2026-03-20T18:23:40,1697.11,100.0,-191.0,64.0,-191.0,1506.11,1505.06,100.0,True,
2026-03-20T20:05:40,31,RR1.00:18-19:464:1976,2026-03-20T18:23:40,1697.11,100.0,-191.0,64.0,-191.0,1506.11,1505.06,100.0,True,
2026-03-20T20:05:40,32,RR1.00:18-19:464:1976,2026-03-20T18:23:40,1697.11,100.0,-191.0,64.0,-191.0,1506.11,1505.06,100.0,True,
2026-03-20T20:05:40,33,RR1.00:18-19:464:1976,2026-03-20T18:23:40,1697.11,100.0,-191.0,64.0,-191.0,1506.11,1505.06,100.0,True,
2026-03-20T20:05:40,34,RR1.00:18-19:464:1976,2026-03-20T18:23:40,1697.11,100.0,-191.0,64.0,-191.0,1506.11,1505.06,100.0,True,
2026-03-20T20:05:40,35,RR1.00:18-19:464:1976,2026-03-20T18:23:40,1697.11,100.0,-191.0,64.0,-191.0,1506.11,1505.06,100.0,True,
2026-03-20T20:05:40,36,RR1.00:18-19:464:1976,2026-03-20T18:23:40,1697.11,100.0,-191.0,64.0,-191.0,1506.11,1505.06,100.0,True,
2026-03-20T20:05:40,37,RR1.00:18-19:464:1976,2026-03-20T18:23:40,1697.11,100.0,-191.0,64.0,-191.0,1506.11,1505.06,100.0,True,
2026-03-20T20:05:40,38,RR1.00:18-19:464:1976,2026-03-20T18:23:40,1697.11,100.0,-191.0,64.0,-191.0,1506.11,1505.06,100.0,True,
2026-03-20T20:05:40,39,RR1.00:18-19:464:1976,2026-03-20T18:23:40,1697.11,100.0,-191.0,64.0,-191.0,1506.11,1505.06,100.0,True,
2026-03-20T20:05:40,40,RR1.00:18-19:464:1976,2026-03-20T18:23:40,1697.11,100.0,-191.0,64.0,-191.0,1506.11,1505.06,100.0,True,
2026-03-20T20:05:40,41,RR1.00:18-19:464:1976,2026-03-20T18:23:40,1697.11,100.0,-191.0,64.0,-191.0,1506.11,1505.06,100.0,True,
2026-03-20T20:05:40,42,RR1.00:18-19:464:1976,2026-03-20T18:23:40,1697.11,100.0,-191.0,64.0,-191.0,1506.11,1505.06,100.0,True,
2026-03-20T20:05:40,43,RR1.00:18-19:464:1976,2026-03-20T18:23:40,1697.11,100.0,-191.0,64.0,-191.0,1506.11,1505.06,100.0,True,
2026-03-20T20:05:40,44,RR1.00:18-19:464:1976,2026-03-20T18:23:40,1697.11,100.0,-191.0,64.0,-191.0,1506.11,1505.06,100.0,True,
2026-03-20T20:05:40,48,RR1.00:18-19:464:1976,2026-03-20T18:23:40,1697.11,100.0,-191.0,64.0,-191.0,1506.11,1505.06,100.0,True,
2026-03-20T20:05:40,49,RR1.00:18-19:464:1976,2026-03-20T18:23:40,1697.11,100.0,-191.0,64.0,-191.0,1506.11,1505.06,100.0,True,
2026-03-20T20:05:40,55,RR1.00:18-19:464:1976,2026-03-20T18:23:40,1697.11,100.0,-191.0,64.0,-191.0,1506.11,1505.06,100.0,True,
2026-03-20T20:05:40,56,RR1.00:18-19:464:1976,2026-03-20T18:23:40,1697.11,100.0,-191.0,64.0,-191.0,1506.11,1505.06,100.0,True,
2026-03-23T03:37:40,4,RR1.00:3-4:556:2077,2026-03-23T03:11:40,1505.06,100.0,-152.5,78.0,-152.5,1352.56,1351.51,100.0,True,
2026-03-23T03:37:40,30,RR1.00:3-4:556:2077,2026-03-23T03:11:40,1505.06,100.0,-152.5,78.0,-152.5,1352.56,1351.51,100.0,True,
2026-03-23T03:37:40,31,RR1.00:3-4:556:2077,2026-03-23T03:11:40,1505.06,100.0,-152.5,78.0,-152.5,1352.56,1351.51,100.0,True,
2026-03-23T03:37:40,32,RR1.00:3-4:556:2077,2026-03-23T03:11:40,1505.06,100.0,-152.5,78.0,-152.5,1352.56,1351.51,100.0,True,
2026-03-23T03:37:40,33,RR1.00:3-4:556:2077,2026-03-23T03:11:40,1505.06,100.0,-152.5,78.0,-152.5,1352.56,1351.51,100.0,True,
2026-03-23T03:37:40,34,RR1.00:3-4:556:2077,2026-03-23T03:11:40,1505.06,100.0,-152.5,78.0,-152.5,1352.56,1351.51,100.0,True,
2026-03-23T03:37:40,35,RR1.00:3-4:556:2077,2026-03-23T03:11:40,1505.06,100.0,-152.5,78.0,-152.5,1352.56,1351.51,100.0,True,
2026-03-23T03:37:40,36,RR1.00:3-4:556:2077,2026-03-23T03:11:40,1505.06,100.0,-152.5,78.0,-152.5,1352.56,1351.51,100.0,True,
2026-03-23T03:37:40,37,RR1.00:3-4:556:2077,2026-03-23T03:11:40,1505.06,100.0,-152.5,78.0,-152.5,1352.56,1351.51,100.0,True,
2026-03-23T03:37:40,38,RR1.00:3-4:556:2077,2026-03-23T03:11:40,1505.06,100.0,-152.5,78.0,-152.5,1352.56,1351.51,100.0,True,
2026-03-23T03:37:40,39,RR1.00:3-4:556:2077,2026-03-23T03:11:40,1505.06,100.0,-152.5,78.0,-152.5,1352.56,1351.51,100.0,True,
2026-03-23T03:37:40,40,RR1.00:3-4:556:2077,2026-03-23T03:11:40,1505.06,100.0,-152.5,78.0,-152.5,1352.56,1351.51,100.0,True,
2026-03-23T03:37:40,41,RR1.00:3-4:556:2077,2026-03-23T03:11:40,1505.06,100.0,-152.5,78.0,-152.5,1352.56,1351.51,100.0,True,
2026-03-23T03:37:40,42,RR1.00:3-4:556:2077,2026-03-23T03:11:40,1505.06,100.0,-152.5,78.0,-152.5,1352.56,1351.51,100.0,True,
2026-03-23T03:37:40,43,RR1.00:3-4:556:2077,2026-03-23T03:11:40,1505.06,100.0,-152.5,78.0,-152.5,1352.56,1351.51,100.0,True,
2026-03-23T03:37:40,44,RR1.00:3-4:556:2077,2026-03-23T03:11:40,1505.06,100.0,-152.5,78.0,-152.5,1352.56,1351.51,100.0,True,
2026-03-23T03:37:40,48,RR1.00:3-4:556:2077,2026-03-23T03:11:40,1505.06,100.0,-152.5,78.0,-152.5,1352.56,1351.51,100.0,True,
2026-03-23T03:37:40,49,RR1.00:3-4:556:2077,2026-03-23T03:11:40,1505.06,100.0,-152.5,78.0,-152.5,1352.56,1351.51,100.0,True,
2026-03-23T03:37:40,55,RR1.00:3-4:556:2077,2026-03-23T03:11:40,1505.06,100.0,-152.5,78.0,-152.5,1352.56,1351.51,100.0,True,
2026-03-23T03:37:40,56,RR1.00:3-4:556:2077,2026-03-23T03:11:40,1505.06,100.0,-152.5,78.0,-152.5,1352.56,1351.51,100.0,True,
2026-03-23T08:32:40,4,RR1.00:7-8:598:2163,2026-03-23T07:38:40,1351.51,100.0,-106.0,61.5,-106.0,1245.51,1244.46,100.0,True,
2026-03-23T08:32:40,30,RR1.00:7-8:598:2163,2026-03-23T07:38:40,1351.51,100.0,-106.0,61.5,-106.0,1245.51,1244.46,100.0,True,
2026-03-23T08:32:40,31,RR1.00:7-8:598:2163,2026-03-23T07:38:40,1351.51,100.0,-106.0,61.5,-106.0,1245.51,1244.46,100.0,True,
2026-03-23T08:32:40,32,RR1.00:7-8:598:2163,2026-03-23T07:38:40,1351.51,100.0,-106.0,61.5,-106.0,1245.51,1244.46,100.0,True,
2026-03-23T08:32:40,33,RR1.00:7-8:598:2163,2026-03-23T07:38:40,1351.51,100.0,-106.0,61.5,-106.0,1245.51,1244.46,100.0,True,
2026-03-23T08:32:40,34,RR1.00:7-8:598:2163,2026-03-23T07:38:40,1351.51,100.0,-106.0,61.5,-106.0,1245.51,1244.46,100.0,True,
2026-03-23T08:32:40,35,RR1.00:7-8:598:2163,2026-03-23T07:38:40,1351.51,100.0,-106.0,61.5,-106.0,1245.51,1244.46,100.0,True,
2026-03-23T08:32:40,36,RR1.00:7-8:598:2163,2026-03-23T07:38:40,1351.51,100.0,-106.0,61.5,-106.0,1245.51,1244.46,100.0,True,
2026-03-23T08:32:40,37,RR1.00:7-8:598:2163,2026-03-23T07:38:40,1351.51,100.0,-106.0,61.5,-106.0,1245.51,1244.46,100.0,True,
2026-03-23T08:32:40,38,RR1.00:7-8:598:2163,2026-03-23T07:38:40,1351.51,100.0,-106.0,61.5,-106.0,1245.51,1244.46,100.0,True,
2026-03-23T08:32:40,39,RR1.00:7-8:598:2163,2026-03-23T07:38:40,1351.51,100.0,-106.0,61.5,-106.0,1245.51,1244.46,100.0,True,
2026-03-23T08:32:40,40,RR1.00:7-8:598:2163,2026-03-23T07:38:40,1351.51,100.0,-106.0,61.5,-106.0,1245.51,1244.46,100.0,True,
2026-03-23T08:32:40,41,RR1.00:7-8:598:2163,2026-03-23T07:38:40,1351.51,100.0,-106.0,61.5,-106.0,1245.51,1244.46,100.0,True,
2026-03-23T08:32:40,42,RR1.00:7-8:598:2163,2026-03-23T07:38:40,1351.51,100.0,-106.0,61.5,-106.0,1245.51,1244.46,100.0,True,
2026-03-23T08:32:40,43,RR1.00:7-8:598:2163,2026-03-23T07:38:40,1351.51,100.0,-106.0,61.5,-106.0,1245.51,1244.46,100.0,True,
2026-03-23T08:32:40,44,RR1.00:7-8:598:2163,2026-03-23T07:38:40,1351.51,100.0,-106.0,61.5,-106.0,1245.51,1244.46,100.0,True,
2026-03-23T08:32:40,48,RR1.00:7-8:598:2163,2026-03-23T07:38:40,1351.51,100.0,-106.0,61.5,-106.0,1245.51,1244.46,100.0,True,
2026-03-23T08:32:40,49,RR1.00:7-8:598:2163,2026-03-23T07:38:40,1351.51,100.0,-106.0,61.5,-106.0,1245.51,1244.46,100.0,True,
2026-03-23T08:32:40,55,RR1.00:7-8:598:2163,2026-03-23T07:38:40,1351.51,100.0,-106.0,61.5,-106.0,1245.51,1244.46,100.0,True,
2026-03-23T08:32:40,56,RR1.00:7-8:598:2163,2026-03-23T07:38:40,1351.51,100.0,-106.0,61.5,-106.0,1245.51,1244.46,100.0,True,
2026-03-23T08:33:40,4,RR1.00:4-5:531:2061,2026-03-23T04:37:40,1244.46,100.0,-233.0,31.5,-233.0,1011.46,1010.41,100.0,True,
2026-03-23T08:33:40,30,RR1.00:4-5:531:2061,2026-03-23T04:37:40,1244.46,100.0,-233.0,31.5,-233.0,1011.46,1010.41,100.0,True,
2026-03-23T08:33:40,31,RR1.00:4-5:531:2061,2026-03-23T04:37:40,1244.46,100.0,-233.0,31.5,-233.0,1011.46,1010.41,100.0,True,
2026-03-23T08:33:40,32,RR1.00:4-5:531:2061,2026-03-23T04:37:40,1244.46,100.0,-233.0,31.5,-233.0,1011.46,1010.41,100.0,True,
2026-03-23T08:33:40,33,RR1.00:4-5:531:2061,2026-03-23T04:37:40,1244.46,100.0,-233.0,31.5,-233.0,1011.46,1010.41,100.0,True,
2026-03-23T08:33:40,34,RR1.00:4-5:531:2061,2026-03-23T04:37:40,1244.46,100.0,-233.0,31.5,-233.0,1011.46,1010.41,100.0,True,
2026-03-23T08:33:40,35,RR1.00:4-5:531:2061,2026-03-23T04:37:40,1244.46,100.0,-233.0,31.5,-233.0,1011.46,1010.41,100.0,True,
2026-03-23T08:33:40,36,RR1.00:4-5:531:2061,2026-03-23T04:37:40,1244.46,100.0,-233.0,31.5,-233.0,1011.46,1010.41,100.0,True,
2026-03-23T08:33:40,37,RR1.00:4-5:531:2061,2026-03-23T04:37:40,1244.46,100.0,-233.0,31.5,-233.0,1011.46,1010.41,100.0,True,
2026-03-23T08:33:40,38,RR1.00:4-5:531:2061,2026-03-23T04:37:40,1244.46,100.0,-233.0,31.5,-233.0,1011.46,1010.41,100.0,True,
2026-03-23T08:33:40,39,RR1.00:4-5:531:2061,2026-03-23T04:37:40,1244.46,100.0,-233.0,31.5,-233.0,1011.46,1010.41,100.0,True,
2026-03-23T08:33:40,40,RR1.00:4-5:531:2061,2026-03-23T04:37:40,1244.46,100.0,-233.0,31.5,-233.0,1011.46,1010.41,100.0,True,
2026-03-23T08:33:40,41,RR1.00:4-5:531:2061,2026-03-23T04:37:40,1244.46,100.0,-233.0,31.5,-233.0,1011.46,1010.41,100.0,True,
2026-03-23T08:33:40,42,RR1.00:4-5:531:2061,2026-03-23T04:37:40,1244.46,100.0,-233.0,31.5,-233.0,1011.46,1010.41,100.0,True,
2026-03-23T08:33:40,43,RR1.00:4-5:531:2061,2026-03-23T04:37:40,1244.46,100.0,-233.0,31.5,-233.0,1011.46,1010.41,100.0,True,
2026-03-23T08:33:40,44,RR1.00:4-5:531:2061,2026-03-23T04:37:40,1244.46,100.0,-233.0,31.5,-233.0,1011.46,1010.41,100.0,True,
2026-03-23T08:33:40,48,RR1.00:4-5:531:2061,2026-03-23T04:37:40,1244.46,100.0,-233.0,31.5,-233.0,1011.46,1010.41,100.0,True,
2026-03-23T08:33:40,49,RR1.00:4-5:531:2061,2026-03-23T04:37:40,1244.46,100.0,-233.0,31.5,-233.0,1011.46,1010.41,100.0,True,
2026-03-23T08:33:40,55,RR1.00:4-5:531:2061,2026-03-23T04:37:40,1244.46,100.0,-233.0,31.5,-233.0,1011.46,1010.41,100.0,True,
2026-03-23T08:33:40,56,RR1.00:4-5:531:2061,2026-03-23T04:37:40,1244.46,100.0,-233.0,31.5,-233.0,1011.46,1010.41,100.0,True,
2026-03-23T18:36:40,4,RR1.00:18-19:465:1978,2026-03-23T18:02:40,1010.41,100.0,-152.5,68.0,-152.5,857.91,856.86,100.0,True,
2026-03-23T18:36:40,30,RR1.00:18-19:465:1978,2026-03-23T18:02:40,1010.41,100.0,-152.5,68.0,-152.5,857.91,856.86,100.0,True,
2026-03-23T18:36:40,31,RR1.00:18-19:465:1978,2026-03-23T18:02:40,1010.41,100.0,-152.5,68.0,-152.5,857.91,856.86,100.0,True,
2026-03-23T18:36:40,32,RR1.00:18-19:465:1978,2026-03-23T18:02:40,1010.41,100.0,-152.5,68.0,-152.5,857.91,856.86,100.0,True,
2026-03-23T18:36:40,33,RR1.00:18-19:465:1978,2026-03-23T18:02:40,1010.41,100.0,-152.5,68.0,-152.5,857.91,856.86,100.0,True,
2026-03-23T18:36:40,34,RR1.00:18-19:465:1978,2026-03-23T18:02:40,1010.41,100.0,-152.5,68.0,-152.5,857.91,856.86,100.0,True,
2026-03-23T18:36:40,35,RR1.00:18-19:465:1978,2026-03-23T18:02:40,1010.41,100.0,-152.5,68.0,-152.5,857.91,856.86,100.0,True,
2026-03-23T18:36:40,36,RR1.00:18-19:465:1978,2026-03-23T18:02:40,1010.41,100.0,-152.5,68.0,-152.5,857.91,856.86,100.0,True,
2026-03-23T18:36:40,37,RR1.00:18-19:465:1978,2026-03-23T18:02:40,1010.41,100.0,-152.5,68.0,-152.5,857.91,856.86,100.0,True,
2026-03-23T18:36:40,38,RR1.00:18-19:465:1978,2026-03-23T18:02:40,1010.41,100.0,-152.5,68.0,-152.5,857.91,856.86,100.0,True,
2026-03-23T18:36:40,39,RR1.00:18-19:465:1978,2026-03-23T18:02:40,1010.41,100.0,-152.5,68.0,-152.5,857.91,856.86,100.0,True,
2026-03-23T18:36:40,40,RR1.00:18-19:465:1978,2026-03-23T18:02:40,1010.41,100.0,-152.5,68.0,-152.5,857.91,856.86,100.0,True,
2026-03-23T18:36:40,41,RR1.00:18-19:465:1978,2026-03-23T18:02:40,1010.41,100.0,-152.5,68.0,-152.5,857.91,856.86,100.0,True,
2026-03-23T18:36:40,42,RR1.00:18-19:465:1978,2026-03-23T18:02:40,1010.41,100.0,-152.5,68.0,-152.5,857.91,856.86,100.0,True,
2026-03-23T18:36:40,43,RR1.00:18-19:465:1978,2026-03-23T18:02:40,1010.41,100.0,-152.5,68.0,-152.5,857.91,856.86,100.0,True,
2026-03-23T18:36:40,44,RR1.00:18-19:465:1978,2026-03-23T18:02:40,1010.41,100.0,-152.5,68.0,-152.5,857.91,856.86,100.0,True,
2026-03-23T18:36:40,48,RR1.00:18-19:465:1978,2026-03-23T18:02:40,1010.41,100.0,-152.5,68.0,-152.5,857.91,856.86,100.0,True,
2026-03-23T18:36:40,49,RR1.00:18-19:465:1978,2026-03-23T18:02:40,1010.41,100.0,-152.5,68.0,-152.5,857.91,856.86,100.0,True,
2026-03-23T18:36:40,55,RR1.00:18-19:465:1978,2026-03-23T18:02:40,1010.41,100.0,-152.5,68.0,-152.5,857.91,856.86,100.0,True,
2026-03-23T18:36:40,56,RR1.00:18-19:465:1978,2026-03-23T18:02:40,1010.41,100.0,-152.5,68.0,-152.5,857.91,856.86,100.0,True,
2026-03-23T22:00:00,4,RR1.00:20-21:516:1916,2026-03-23T20:33:40,856.86,100.0,-9.0,287.5,242.5,847.86,1098.31,100.0,True,
2026-03-23T22:00:00,30,RR1.00:20-21:516:1916,2026-03-23T20:33:40,856.86,100.0,-9.0,287.5,242.5,847.86,1098.31,100.0,True,
2026-03-23T22:00:00,31,RR1.00:20-21:516:1916,2026-03-23T20:33:40,856.86,100.0,-9.0,287.5,242.5,847.86,1098.31,100.0,True,
2026-03-23T22:00:00,32,RR1.00:20-21:516:1916,2026-03-23T20:33:40,856.86,100.0,-9.0,287.5,242.5,847.86,1098.31,100.0,True,
2026-03-23T22:00:00,33,RR1.00:20-21:516:1916,2026-03-23T20:33:40,856.86,100.0,-9.0,287.5,242.5,847.86,1098.31,100.0,True,
2026-03-23T22:00:00,34,RR1.00:20-21:516:1916,2026-03-23T20:33:40,856.86,100.0,-9.0,287.5,242.5,847.86,1098.31,100.0,True,
2026-03-23T22:00:00,35,RR1.00:20-21:516:1916,2026-03-23T20:33:40,856.86,100.0,-9.0,287.5,242.5,847.86,1098.31,100.0,True,
2026-03-23T22:00:00,36,RR1.00:20-21:516:1916,2026-03-23T20:33:40,856.86,100.0,-9.0,287.5,242.5,847.86,1098.31,100.0,True,
2026-03-23T22:00:00,37,RR1.00:20-21:516:1916,2026-03-23T20:33:40,856.86,100.0,-9.0,287.5,242.5,847.86,1098.31,100.0,True,
2026-03-23T22:00:00,38,RR1.00:20-21:516:1916,2026-03-23T20:33:40,856.86,100.0,-9.0,287.5,242.5,847.86,1098.31,100.0,True,
2026-03-23T22:00:00,39,RR1.00:20-21:516:1916,2026-03-23T20:33:40,856.86,100.0,-9.0,287.5,242.5,847.86,1098.31,100.0,True,
2026-03-23T22:00:00,40,RR1.00:20-21:516:1916,2026-03-23T20:33:40,856.86,100.0,-9.0,287.5,242.5,847.86,1098.31,100.0,True,
2026-03-23T22:00:00,41,RR1.00:20-21:516:1916,2026-03-23T20:33:40,856.86,100.0,-9.0,287.5,242.5,847.86,1098.31,100.0,True,
2026-03-23T22:00:00,42,RR1.00:20-21:516:1916,2026-03-23T20:33:40,856.86,100.0,-9.0,287.5,242.5,847.86,1098.31,100.0,True,
2026-03-23T22:00:00,43,RR1.00:20-21:516:1916,2026-03-23T20:33:40,856.86,100.0,-9.0,287.5,242.5,847.86,1098.31,100.0,True,
2026-03-23T22:00:00,44,RR1.00:20-21:516:1916,2026-03-23T20:33:40,856.86,100.0,-9.0,287.5,242.5,847.86,1098.31,100.0,True,
2026-03-23T22:00:00,48,RR1.00:20-21:516:1916,2026-03-23T20:33:40,856.86,100.0,-9.0,287.5,242.5,847.86,1098.31,100.0,True,
2026-03-23T22:00:00,49,RR1.00:20-21:516:1916,2026-03-23T20:33:40,856.86,100.0,-9.0,287.5,242.5,847.86,1098.31,100.0,True,
2026-03-23T22:00:00,55,RR1.00:20-21:516:1916,2026-03-23T20:33:40,856.86,100.0,-9.0,287.5,242.5,847.86,1098.31,100.0,True,
2026-03-23T22:00:00,56,RR1.00:20-21:516:1916,2026-03-23T20:33:40,856.86,100.0,-9.0,287.5,242.5,847.86,1098.31,100.0,True,
2026-03-23T22:57:40,4,RR1.00:21-22:538:1996,2026-03-23T21:33:40,1098.31,100.0,-145.0,96.0,-145.0,953.31,952.26,100.0,True,
2026-03-23T22:57:40,30,RR1.00:21-22:538:1996,2026-03-23T21:33:40,1098.31,100.0,-145.0,96.0,-145.0,953.31,952.26,100.0,True,
2026-03-23T22:57:40,31,RR1.00:21-22:538:1996,2026-03-23T21:33:40,1098.31,100.0,-145.0,96.0,-145.0,953.31,952.26,100.0,True,
2026-03-23T22:57:40,32,RR1.00:21-22:538:1996,2026-03-23T21:33:40,1098.31,100.0,-145.0,96.0,-145.0,953.31,952.26,100.0,True,
2026-03-23T22:57:40,33,RR1.00:21-22:538:1996,2026-03-23T21:33:40,1098.31,100.0,-145.0,96.0,-145.0,953.31,952.26,100.0,True,
2026-03-23T22:57:40,34,RR1.00:21-22:538:1996,2026-03-23T21:33:40,1098.31,100.0,-145.0,96.0,-145.0,953.31,952.26,100.0,True,
2026-03-23T22:57:40,35,RR1.00:21-22:538:1996,2026-03-23T21:33:40,1098.31,100.0,-145.0,96.0,-145.0,953.31,952.26,100.0,True,
2026-03-23T22:57:40,36,RR1.00:21-22:538:1996,2026-03-23T21:33:40,1098.31,100.0,-145.0,96.0,-145.0,953.31,952.26,100.0,True,
2026-03-23T22:57:40,37,RR1.00:21-22:538:1996,2026-03-23T21:33:40,1098.31,100.0,-145.0,96.0,-145.0,953.31,952.26,100.0,True,
2026-03-23T22:57:40,38,RR1.00:21-22:538:1996,2026-03-23T21:33:40,1098.31,100.0,-145.0,96.0,-145.0,953.31,952.26,100.0,True,
2026-03-23T22:57:40,39,RR1.00:21-22:538:1996,2026-03-23T21:33:40,1098.31,100.0,-145.0,96.0,-145.0,953.31,952.26,100.0,True,
2026-03-23T22:57:40,40,RR1.00:21-22:538:1996,2026-03-23T21:33:40,1098.31,100.0,-145.0,96.0,-145.0,953.31,952.26,100.0,True,
2026-03-23T22:57:40,41,RR1.00:21-22:538:1996,2026-03-23T21:33:40,1098.31,100.0,-145.0,96.0,-145.0,953.31,952.26,100.0,True,
2026-03-23T22:57:40,42,RR1.00:21-22:538:1996,2026-03-23T21:33:40,1098.31,100.0,-145.0,96.0,-145.0,953.31,952.26,100.0,True,
2026-03-23T22:57:40,43,RR1.00:21-22:538:1996,2026-03-23T21:33:40,1098.31,100.0,-145.0,96.0,-145.0,953.31,952.26,100.0,True,
2026-03-23T22:57:40,44,RR1.00:21-22:538:1996,2026-03-23T21:33:40,1098.31,100.0,-145.0,96.0,-145.0,953.31,952.26,100.0,True,
2026-03-23T22:57:40,48,RR1.00:21-22:538:1996,2026-03-23T21:33:40,1098.31,100.0,-145.0,96.0,-145.0,953.31,952.26,100.0,True,
2026-03-23T22:57:40,49,RR1.00:21-22:538:1996,2026-03-23T21:33:40,1098.31,100.0,-145.0,96.0,-145.0,953.31,952.26,100.0,True,
2026-03-23T22:57:40,55,RR1.00:21-22:538:1996,2026-03-23T21:33:40,1098.31,100.0,-145.0,96.0,-145.0,953.31,952.26,100.0,True,
2026-03-23T22:57:40,56,RR1.00:21-22:538:1996,2026-03-23T21:33:40,1098.31,100.0,-145.0,96.0,-145.0,953.31,952.26,100.0,True,
2026-03-24T02:00:00,4,RR1.00:1-2:453:1841,2026-03-24T01:25:40,952.26,100.0,-41.5,111.5,96.0,910.76,1047.21,100.0,True,
2026-03-24T02:00:00,30,RR1.00:1-2:453:1841,2026-03-24T01:25:40,952.26,100.0,-41.5,111.5,96.0,910.76,1047.21,100.0,True,
2026-03-24T02:00:00,31,RR1.00:1-2:453:1841,2026-03-24T01:25:40,952.26,100.0,-41.5,111.5,96.0,910.76,1047.21,100.0,True,
2026-03-24T02:00:00,32,RR1.00:1-2:453:1841,2026-03-24T01:25:40,952.26,100.0,-41.5,111.5,96.0,910.76,1047.21,100.0,True,
2026-03-24T02:00:00,33,RR1.00:1-2:453:1841,2026-03-24T01:25:40,952.26,100.0,-41.5,111.5,96.0,910.76,1047.21,100.0,True,
2026-03-24T02:00:00,34,RR1.00:1-2:453:1841,2026-03-24T01:25:40,952.26,100.0,-41.5,111.5,96.0,910.76,1047.21,100.0,True,
2026-03-24T02:00:00,35,RR1.00:1-2:453:1841,2026-03-24T01:25:40,952.26,100.0,-41.5,111.5,96.0,910.76,1047.21,100.0,True,
2026-03-24T02:00:00,36,RR1.00:1-2:453:1841,2026-03-24T01:25:40,952.26,100.0,-41.5,111.5,96.0,910.76,1047.21,100.0,True,
2026-03-24T02:00:00,37,RR1.00:1-2:453:1841,2026-03-24T01:25:40,952.26,100.0,-41.5,111.5,96.0,910.76,1047.21,100.0,True,
2026-03-24T02:00:00,38,RR1.00:1-2:453:1841,2026-03-24T01:25:40,952.26,100.0,-41.5,111.5,96.0,910.76,1047.21,100.0,True,
2026-03-24T02:00:00,39,RR1.00:1-2:453:1841,2026-03-24T01:25:40,952.26,100.0,-41.5,111.5,96.0,910.76,1047.21,100.0,True,
2026-03-24T02:00:00,40,RR1.00:1-2:453:1841,2026-03-24T01:25:40,952.26,100.0,-41.5,111.5,96.0,910.76,1047.21,100.0,True,
2026-03-24T02:00:00,41,RR1.00:1-2:453:1841,2026-03-24T01:25:40,952.26,100.0,-41.5,111.5,96.0,910.76,1047.21,100.0,True,
2026-03-24T02:00:00,42,RR1.00:1-2:453:1841,2026-03-24T01:25:40,952.26,100.0,-41.5,111.5,96.0,910.76,1047.21,100.0,True,
2026-03-24T02:00:00,43,RR1.00:1-2:453:1841,2026-03-24T01:25:40,952.26,100.0,-41.5,111.5,96.0,910.76,1047.21,100.0,True,
2026-03-24T02:00:00,44,RR1.00:1-2:453:1841,2026-03-24T01:25:40,952.26,100.0,-41.5,111.5,96.0,910.76,1047.21,100.0,True,
2026-03-24T02:00:00,48,RR1.00:1-2:453:1841,2026-03-24T01:25:40,952.26,100.0,-41.5,111.5,96.0,910.76,1047.21,100.0,True,
2026-03-24T02:00:00,49,RR1.00:1-2:453:1841,2026-03-24T01:25:40,952.26,100.0,-41.5,111.5,96.0,910.76,1047.21,100.0,True,
2026-03-24T02:00:00,55,RR1.00:1-2:453:1841,2026-03-24T01:25:40,952.26,100.0,-41.5,111.5,96.0,910.76,1047.21,100.0,True,
2026-03-24T02:00:00,56,RR1.00:1-2:453:1841,2026-03-24T01:25:40,952.26,100.0,-41.5,111.5,96.0,910.76,1047.21,100.0,True,
2026-03-24T08:22:40,4,RR1.00:8-9:602:2142,2026-03-24T08:18:40,1047.21,100.0,-64.0,66.0,-64.0,983.21,982.16,100.0,True,
2026-03-24T08:22:40,30,RR1.00:8-9:602:2142,2026-03-24T08:18:40,1047.21,100.0,-64.0,66.0,-64.0,983.21,982.16,100.0,True,
2026-03-24T08:22:40,31,RR1.00:8-9:602:2142,2026-03-24T08:18:40,1047.21,100.0,-64.0,66.0,-64.0,983.21,982.16,100.0,True,
2026-03-24T08:22:40,32,RR1.00:8-9:602:2142,2026-03-24T08:18:40,1047.21,100.0,-64.0,66.0,-64.0,983.21,982.16,100.0,True,
2026-03-24T08:22:40,33,RR1.00:8-9:602:2142,2026-03-24T08:18:40,1047.21,100.0,-64.0,66.0,-64.0,983.21,982.16,100.0,True,
2026-03-24T08:22:40,34,RR1.00:8-9:602:2142,2026-03-24T08:18:40,1047.21,100.0,-64.0,66.0,-64.0,983.21,982.16,100.0,True,
2026-03-24T08:22:40,35,RR1.00:8-9:602:2142,2026-03-24T08:18:40,1047.21,100.0,-64.0,66.0,-64.0,983.21,982.16,100.0,True,
2026-03-24T08:22:40,36,RR1.00:8-9:602:2142,2026-03-24T08:18:40,1047.21,100.0,-64.0,66.0,-64.0,983.21,982.16,100.0,True,
2026-03-24T08:22:40,37,RR1.00:8-9:602:2142,2026-03-24T08:18:40,1047.21,100.0,-64.0,66.0,-64.0,983.21,982.16,100.0,True,
2026-03-24T08:22:40,38,RR1.00:8-9:602:2142,2026-03-24T08:18:40,1047.21,100.0,-64.0,66.0,-64.0,983.21,982.16,100.0,True,
2026-03-24T08:22:40,39,RR1.00:8-9:602:2142,2026-03-24T08:18:40,1047.21,100.0,-64.0,66.0,-64.0,983.21,982.16,100.0,True,
2026-03-24T08:22:40,40,RR1.00:8-9:602:2142,2026-03-24T08:18:40,1047.21,100.0,-64.0,66.0,-64.0,983.21,982.16,100.0,True,
2026-03-24T08:22:40,41,RR1.00:8-9:602:2142,2026-03-24T08:18:40,1047.21,100.0,-64.0,66.0,-64.0,983.21,982.16,100.0,True,
2026-03-24T08:22:40,42,RR1.00:8-9:602:2142,2026-03-24T08:18:40,1047.21,100.0,-64.0,66.0,-64.0,983.21,982.16,100.0,True,
2026-03-24T08:22:40,43,RR1.00:8-9:602:2142,2026-03-24T08:18:40,1047.21,100.0,-64.0,66.0,-64.0,983.21,982.16,100.0,True,
2026-03-24T08:22:40,44,RR1.00:8-9:602:2142,2026-03-24T08:18:40,1047.21,100.0,-64.0,66.0,-64.0,983.21,982.16,100.0,True,
2026-03-24T08:22:40,48,RR1.00:8-9:602:2142,2026-03-24T08:18:40,1047.21,100.0,-64.0,66.0,-64.0,983.21,982.16,100.0,True,
2026-03-24T08:22:40,49,RR1.00:8-9:602:2142,2026-03-24T08:18:40,1047.21,100.0,-64.0,66.0,-64.0,983.21,982.16,100.0,True,
2026-03-24T08:22:40,55,RR1.00:8-9:602:2142,2026-03-24T08:18:40,1047.21,100.0,-64.0,66.0,-64.0,983.21,982.16,100.0,True,
2026-03-24T08:22:40,56,RR1.00:8-9:602:2142,2026-03-24T08:18:40,1047.21,100.0,-64.0,66.0,-64.0,983.21,982.16,100.0,True,
2026-03-24T14:53:40,4,RR1.00:12-13:514:2031,2026-03-24T12:55:40,982.16,100.0,-191.0,68.5,-191.0,791.16,790.11,100.0,True,
2026-03-24T14:53:40,30,RR1.00:12-13:514:2031,2026-03-24T12:55:40,982.16,100.0,-191.0,68.5,-191.0,791.16,790.11,100.0,True,
2026-03-24T14:53:40,31,RR1.00:12-13:514:2031,2026-03-24T12:55:40,982.16,100.0,-191.0,68.5,-191.0,791.16,790.11,100.0,True,
2026-03-24T14:53:40,32,RR1.00:12-13:514:2031,2026-03-24T12:55:40,982.16,100.0,-191.0,68.5,-191.0,791.16,790.11,100.0,True,
2026-03-24T14:53:40,33,RR1.00:12-13:514:2031,2026-03-24T12:55:40,982.16,100.0,-191.0,68.5,-191.0,791.16,790.11,100.0,True,
2026-03-24T14:53:40,34,RR1.00:12-13:514:2031,2026-03-24T12:55:40,982.16,100.0,-191.0,68.5,-191.0,791.16,790.11,100.0,True,
2026-03-24T14:53:40,35,RR1.00:12-13:514:2031,2026-03-24T12:55:40,982.16,100.0,-191.0,68.5,-191.0,791.16,790.11,100.0,True,
2026-03-24T14:53:40,36,RR1.00:12-13:514:2031,2026-03-24T12:55:40,982.16,100.0,-191.0,68.5,-191.0,791.16,790.11,100.0,True,
2026-03-24T14:53:40,37,RR1.00:12-13:514:2031,2026-03-24T12:55:40,982.16,100.0,-191.0,68.5,-191.0,791.16,790.11,100.0,True,
2026-03-24T14:53:40,38,RR1.00:12-13:514:2031,2026-03-24T12:55:40,982.16,100.0,-191.0,68.5,-191.0,791.16,790.11,100.0,True,
2026-03-24T14:53:40,39,RR1.00:12-13:514:2031,2026-03-24T12:55:40,982.16,100.0,-191.0,68.5,-191.0,791.16,790.11,100.0,True,
2026-03-24T14:53:40,40,RR1.00:12-13:514:2031,2026-03-24T12:55:40,982.16,100.0,-191.0,68.5,-191.0,791.16,790.11,100.0,True,
2026-03-24T14:53:40,41,RR1.00:12-13:514:2031,2026-03-24T12:55:40,982.16,100.0,-191.0,68.5,-191.0,791.16,790.11,100.0,True,
2026-03-24T14:53:40,42,RR1.00:12-13:514:2031,2026-03-24T12:55:40,982.16,100.0,-191.0,68.5,-191.0,791.16,790.11,100.0,True,
2026-03-24T14:53:40,43,RR1.00:12-13:514:2031,2026-03-24T12:55:40,982.16,100.0,-191.0,68.5,-191.0,791.16,790.11,100.0,True,
2026-03-24T14:53:40,44,RR1.00:12-13:514:2031,2026-03-24T12:55:40,982.16,100.0,-191.0,68.5,-191.0,791.16,790.11,100.0,True,
2026-03-24T14:53:40,48,RR1.00:12-13:514:2031,2026-03-24T12:55:40,982.16,100.0,-191.0,68.5,-191.0,791.16,790.11,100.0,True,
2026-03-24T14:53:40,49,RR1.00:12-13:514:2031,2026-03-24T12:55:40,982.16,100.0,-191.0,68.5,-191.0,791.16,790.11,100.0,True,
2026-03-24T14:53:40,55,RR1.00:12-13:514:2031,2026-03-24T12:55:40,982.16,100.0,-191.0,68.5,-191.0,791.16,790.11,100.0,True,
2026-03-24T14:53:40,56,RR1.00:12-13:514:2031,2026-03-24T12:55:40,982.16,100.0,-191.0,68.5,-191.0,791.16,790.11,100.0,True,
2026-03-24T16:39:40,4,RR1.00:16-17:850:2430,2026-03-24T16:31:40,790.11,100.0,-180.0,44.0,-180.0,610.11,609.06,100.0,True,
2026-03-24T16:39:40,30,RR1.00:16-17:850:2430,2026-03-24T16:31:40,790.11,100.0,-180.0,44.0,-180.0,610.11,609.06,100.0,True,
2026-03-24T16:39:40,31,RR1.00:16-17:850:2430,2026-03-24T16:31:40,790.11,100.0,-180.0,44.0,-180.0,610.11,609.06,100.0,True,
2026-03-24T16:39:40,32,RR1.00:16-17:850:2430,2026-03-24T16:31:40,790.11,100.0,-180.0,44.0,-180.0,610.11,609.06,100.0,True,
2026-03-24T16:39:40,33,RR1.00:16-17:850:2430,2026-03-24T16:31:40,790.11,100.0,-180.0,44.0,-180.0,610.11,609.06,100.0,True,
2026-03-24T16:39:40,34,RR1.00:16-17:850:2430,2026-03-24T16:31:40,790.11,100.0,-180.0,44.0,-180.0,610.11,609.06,100.0,True,
2026-03-24T16:39:40,35,RR1.00:16-17:850:2430,2026-03-24T16:31:40,790.11,100.0,-180.0,44.0,-180.0,610.11,609.06,100.0,True,
2026-03-24T16:39:40,36,RR1.00:16-17:850:2430,2026-03-24T16:31:40,790.11,100.0,-180.0,44.0,-180.0,610.11,609.06,100.0,True,
2026-03-24T16:39:40,37,RR1.00:16-17:850:2430,2026-03-24T16:31:40,790.11,100.0,-180.0,44.0,-180.0,610.11,609.06,100.0,True,
2026-03-24T16:39:40,38,RR1.00:16-17:850:2430,2026-03-24T16:31:40,790.11,100.0,-180.0,44.0,-180.0,610.11,609.06,100.0,True,
2026-03-24T16:39:40,39,RR1.00:16-17:850:2430,2026-03-24T16:31:40,790.11,100.0,-180.0,44.0,-180.0,610.11,609.06,100.0,True,
2026-03-24T16:39:40,40,RR1.00:16-17:850:2430,2026-03-24T16:31:40,790.11,100.0,-180.0,44.0,-180.0,610.11,609.06,100.0,True,
2026-03-24T16:39:40,41,RR1.00:16-17:850:2430,2026-03-24T16:31:40,790.11,100.0,-180.0,44.0,-180.0,610.11,609.06,100.0,True,
2026-03-24T16:39:40,42,RR1.00:16-17:850:2430,2026-03-24T16:31:40,790.11,100.0,-180.0,44.0,-180.0,610.11,609.06,100.0,True,
2026-03-24T16:39:40,43,RR1.00:16-17:850:2430,2026-03-24T16:31:40,790.11,100.0,-180.0,44.0,-180.0,610.11,609.06,100.0,True,
2026-03-24T16:39:40,44,RR1.00:16-17:850:2430,2026-03-24T16:31:40,790.11,100.0,-180.0,44.0,-180.0,610.11,609.06,100.0,True,
2026-03-24T16:39:40,48,RR1.00:16-17:850:2430,2026-03-24T16:31:40,790.11,100.0,-180.0,44.0,-180.0,610.11,609.06,100.0,True,
2026-03-24T16:39:40,49,RR1.00:16-17:850:2430,2026-03-24T16:31:40,790.11,100.0,-180.0,44.0,-180.0,610.11,609.06,100.0,True,
2026-03-24T16:39:40,55,RR1.00:16-17:850:2430,2026-03-24T16:31:40,790.11,100.0,-180.0,44.0,-180.0,610.11,609.06,100.0,True,
2026-03-24T16:39:40,56,RR1.00:16-17:850:2430,2026-03-24T16:31:40,790.11,100.0,-180.0,44.0,-180.0,610.11,609.06,100.0,True,
2026-03-24T20:10:40,4,RR1.00:17-18:370:1886,2026-03-24T17:51:40,609.06,100.0,-212.0,206.0,-212.0,397.06,396.01,100.0,True,
2026-03-24T20:10:40,30,RR1.00:17-18:370:1886,2026-03-24T17:51:40,609.06,100.0,-212.0,206.0,-212.0,397.06,396.01,100.0,True,
2026-03-24T20:10:40,31,RR1.00:17-18:370:1886,2026-03-24T17:51:40,609.06,100.0,-212.0,206.0,-212.0,397.06,396.01,100.0,True,
2026-03-24T20:10:40,32,RR1.00:17-18:370:1886,2026-03-24T17:51:40,609.06,100.0,-212.0,206.0,-212.0,397.06,396.01,100.0,True,
2026-03-24T20:10:40,33,RR1.00:17-18:370:1886,2026-03-24T17:51:40,609.06,100.0,-212.0,206.0,-212.0,397.06,396.01,100.0,True,
2026-03-24T20:10:40,34,RR1.00:17-18:370:1886,2026-03-24T17:51:40,609.06,100.0,-212.0,206.0,-212.0,397.06,396.01,100.0,True,
2026-03-24T20:10:40,35,RR1.00:17-18:370:1886,2026-03-24T17:51:40,609.06,100.0,-212.0,206.0,-212.0,397.06,396.01,100.0,True,
2026-03-24T20:10:40,36,RR1.00:17-18:370:1886,2026-03-24T17:51:40,609.06,100.0,-212.0,206.0,-212.0,397.06,396.01,100.0,True,
2026-03-24T20:10:40,37,RR1.00:17-18:370:1886,2026-03-24T17:51:40,609.06,100.0,-212.0,206.0,-212.0,397.06,396.01,100.0,True,
2026-03-24T20:10:40,38,RR1.00:17-18:370:1886,2026-03-24T17:51:40,609.06,100.0,-212.0,206.0,-212.0,397.06,396.01,100.0,True,
2026-03-24T20:10:40,39,RR1.00:17-18:370:1886,2026-03-24T17:51:40,609.06,100.0,-212.0,206.0,-212.0,397.06,396.01,100.0,True,
2026-03-24T20:10:40,40,RR1.00:17-18:370:1886,2026-03-24T17:51:40,609.06,100.0,-212.0,206.0,-212.0,397.06,396.01,100.0,True,
2026-03-24T20:10:40,41,RR1.00:17-18:370:1886,2026-03-24T17:51:40,609.06,100.0,-212.0,206.0,-212.0,397.06,396.01,100.0,True,
2026-03-24T20:10:40,42,RR1.00:17-18:370:1886,2026-03-24T17:51:40,609.06,100.0,-212.0,206.0,-212.0,397.06,396.01,100.0,True,
2026-03-24T20:10:40,43,RR1.00:17-18:370:1886,2026-03-24T17:51:40,609.06,100.0,-212.0,206.0,-212.0,397.06,396.01,100.0,True,
2026-03-24T20:10:40,44,RR1.00:17-18:370:1886,2026-03-24T17:51:40,609.06,100.0,-212.0,206.0,-212.0,397.06,396.01,100.0,True,
2026-03-24T20:10:40,48,RR1.00:17-18:370:1886,2026-03-24T17:51:40,609.06,100.0,-212.0,206.0,-212.0,397.06,396.01,100.0,True,
2026-03-24T20:10:40,49,RR1.00:17-18:370:1886,2026-03-24T17:51:40,609.06,100.0,-212.0,206.0,-212.0,397.06,396.01,100.0,True,
2026-03-24T20:10:40,55,RR1.00:17-18:370:1886,2026-03-24T17:51:40,609.06,100.0,-212.0,206.0,-212.0,397.06,396.01,100.0,True,
2026-03-24T20:10:40,56,RR1.00:17-18:370:1886,2026-03-24T17:51:40,609.06,100.0,-212.0,206.0,-212.0,397.06,396.01,100.0,True,
2026-03-24T23:30:00,4,RR1.00:23-24:112:844,2026-03-24T23:20:40,396.01,100.0,133.0,533.5,282.0,396.01,676.96,100.0,True,
2026-03-24T23:30:00,30,RR1.00:23-24:112:844,2026-03-24T23:20:40,396.01,100.0,133.0,533.5,282.0,396.01,676.96,100.0,True,
2026-03-24T23:30:00,31,RR1.00:23-24:112:844,2026-03-24T23:20:40,396.01,100.0,133.0,533.5,282.0,396.01,676.96,100.0,True,
2026-03-24T23:30:00,32,RR1.00:23-24:112:844,2026-03-24T23:20:40,396.01,100.0,133.0,533.5,282.0,396.01,676.96,100.0,True,
2026-03-24T23:30:00,33,RR1.00:23-24:112:844,2026-03-24T23:20:40,396.01,100.0,133.0,533.5,282.0,396.01,676.96,100.0,True,
2026-03-24T23:30:00,34,RR1.00:23-24:112:844,2026-03-24T23:20:40,396.01,100.0,133.0,533.5,282.0,396.01,676.96,100.0,True,
2026-03-24T23:30:00,35,RR1.00:23-24:112:844,2026-03-24T23:20:40,396.01,100.0,133.0,533.5,282.0,396.01,676.96,100.0,True,
2026-03-24T23:30:00,36,RR1.00:23-24:112:844,2026-03-24T23:20:40,396.01,100.0,133.0,533.5,282.0,396.01,676.96,100.0,True,
2026-03-24T23:30:00,37,RR1.00:23-24:112:844,2026-03-24T23:20:40,396.01,100.0,133.0,533.5,282.0,396.01,676.96,100.0,True,
2026-03-24T23:30:00,38,RR1.00:23-24:112:844,2026-03-24T23:20:40,396.01,100.0,133.0,533.5,282.0,396.01,676.96,100.0,True,
2026-03-24T23:30:00,39,RR1.00:23-24:112:844,2026-03-24T23:20:40,396.01,100.0,133.0,533.5,282.0,396.01,676.96,100.0,True,
2026-03-24T23:30:00,40,RR1.00:23-24:112:844,2026-03-24T23:20:40,396.01,100.0,133.0,533.5,282.0,396.01,676.96,100.0,True,
2026-03-24T23:30:00,41,RR1.00:23-24:112:844,2026-03-24T23:20:40,396.01,100.0,133.0,533.5,282.0,396.01,676.96,100.0,True,
2026-03-24T23:30:00,42,RR1.00:23-24:112:844,2026-03-24T23:20:40,396.01,100.0,133.0,533.5,282.0,396.01,676.96,100.0,True,
2026-03-24T23:30:00,43,RR1.00:23-24:112:844,2026-03-24T23:20:40,396.01,100.0,133.0,533.5,282.0,396.01,676.96,100.0,True,
2026-03-24T23:30:00,44,RR1.00:23-24:112:844,2026-03-24T23:20:40,396.01,100.0,133.0,533.5,282.0,396.01,676.96,100.0,True,
2026-03-24T23:30:00,48,RR1.00:23-24:112:844,2026-03-24T23:20:40,396.01,100.0,133.0,533.5,282.0,396.01,676.96,100.0,True,
2026-03-24T23:30:00,49,RR1.00:23-24:112:844,2026-03-24T23:20:40,396.01,100.0,133.0,533.5,282.0,396.01,676.96,100.0,True,
2026-03-24T23:30:00,55,RR1.00:23-24:112:844,2026-03-24T23:20:40,396.01,100.0,133.0,533.5,282.0,396.01,676.96,100.0,True,
2026-03-24T23:30:00,56,RR1.00:23-24:112:844,2026-03-24T23:20:40,396.01,100.0,133.0,533.5,282.0,396.01,676.96,100.0,True,
2026-03-25T03:30:40,4,RR1.00:3-4:557:2081,2026-03-25T03:11:40,676.96,100.0,-62.5,30.5,-62.5,614.46,613.41,100.0,True,
2026-03-25T03:30:40,30,RR1.00:3-4:557:2081,2026-03-25T03:11:40,676.96,100.0,-62.5,30.5,-62.5,614.46,613.41,100.0,True,
2026-03-25T03:30:40,31,RR1.00:3-4:557:2081,2026-03-25T03:11:40,676.96,100.0,-62.5,30.5,-62.5,614.46,613.41,100.0,True,
2026-03-25T03:30:40,32,RR1.00:3-4:557:2081,2026-03-25T03:11:40,676.96,100.0,-62.5,30.5,-62.5,614.46,613.41,100.0,True,
2026-03-25T03:30:40,33,RR1.00:3-4:557:2081,2026-03-25T03:11:40,676.96,100.0,-62.5,30.5,-62.5,614.46,613.41,100.0,True,
2026-03-25T03:30:40,34,RR1.00:3-4:557:2081,2026-03-25T03:11:40,676.96,100.0,-62.5,30.5,-62.5,614.46,613.41,100.0,True,
2026-03-25T03:30:40,35,RR1.00:3-4:557:2081,2026-03-25T03:11:40,676.96,100.0,-62.5,30.5,-62.5,614.46,613.41,100.0,True,
2026-03-25T03:30:40,36,RR1.00:3-4:557:2081,2026-03-25T03:11:40,676.96,100.0,-62.5,30.5,-62.5,614.46,613.41,100.0,True,
2026-03-25T03:30:40,37,RR1.00:3-4:557:2081,2026-03-25T03:11:40,676.96,100.0,-62.5,30.5,-62.5,614.46,613.41,100.0,True,
2026-03-25T03:30:40,38,RR1.00:3-4:557:2081,2026-03-25T03:11:40,676.96,100.0,-62.5,30.5,-62.5,614.46,613.41,100.0,True,
2026-03-25T03:30:40,39,RR1.00:3-4:557:2081,2026-03-25T03:11:40,676.96,100.0,-62.5,30.5,-62.5,614.46,613.41,100.0,True,
2026-03-25T03:30:40,40,RR1.00:3-4:557:2081,2026-03-25T03:11:40,676.96,100.0,-62.5,30.5,-62.5,614.46,613.41,100.0,True,
2026-03-25T03:30:40,41,RR1.00:3-4:557:2081,2026-03-25T03:11:40,676.96,100.0,-62.5,30.5,-62.5,614.46,613.41,100.0,True,
2026-03-25T03:30:40,42,RR1.00:3-4:557:2081,2026-03-25T03:11:40,676.96,100.0,-62.5,30.5,-62.5,614.46,613.41,100.0,True,
2026-03-25T03:30:40,43,RR1.00:3-4:557:2081,2026-03-25T03:11:40,676.96,100.0,-62.5,30.5,-62.5,614.46,613.41,100.0,True,
2026-03-25T03:30:40,44,RR1.00:3-4:557:2081,2026-03-25T03:11:40,676.96,100.0,-62.5,30.5,-62.5,614.46,613.41,100.0,True,
2026-03-25T03:30:40,48,RR1.00:3-4:557:2081,2026-03-25T03:11:40,676.96,100.0,-62.5,30.5,-62.5,614.46,613.41,100.0,True,
2026-03-25T03:30:40,49,RR1.00:3-4:557:2081,2026-03-25T03:11:40,676.96,100.0,-62.5,30.5,-62.5,614.46,613.41,100.0,True,
2026-03-25T03:30:40,55,RR1.00:3-4:557:2081,2026-03-25T03:11:40,676.96,100.0,-62.5,30.5,-62.5,614.46,613.41,100.0,True,
2026-03-25T03:30:40,56,RR1.00:3-4:557:2081,2026-03-25T03:11:40,676.96,100.0,-62.5,30.5,-62.5,614.46,613.41,100.0,True,
2026-03-25T09:30:40,4,RR1.00:6-7:537:2060,2026-03-25T06:51:40,613.41,100.0,-90.0,101.5,-90.0,523.41,522.36,100.0,True,
2026-03-25T09:30:40,30,RR1.00:6-7:537:2060,2026-03-25T06:51:40,613.41,100.0,-90.0,101.5,-90.0,523.41,522.36,100.0,True,
2026-03-25T09:30:40,31,RR1.00:6-7:537:2060,2026-03-25T06:51:40,613.41,100.0,-90.0,101.5,-90.0,523.41,522.36,100.0,True,
2026-03-25T09:30:40,32,RR1.00:6-7:537:2060,2026-03-25T06:51:40,613.41,100.0,-90.0,101.5,-90.0,523.41,522.36,100.0,True,
2026-03-25T09:30:40,33,RR1.00:6-7:537:2060,2026-03-25T06:51:40,613.41,100.0,-90.0,101.5,-90.0,523.41,522.36,100.0,True,
2026-03-25T09:30:40,34,RR1.00:6-7:537:2060,2026-03-25T06:51:40,613.41,100.0,-90.0,101.5,-90.0,523.41,522.36,100.0,True,
2026-03-25T09:30:40,35,RR1.00:6-7:537:2060,2026-03-25T06:51:40,613.41,100.0,-90.0,101.5,-90.0,523.41,522.36,100.0,True,
2026-03-25T09:30:40,36,RR1.00:6-7:537:2060,2026-03-25T06:51:40,613.41,100.0,-90.0,101.5,-90.0,523.41,522.36,100.0,True,
2026-03-25T09:30:40,37,RR1.00:6-7:537:2060,2026-03-25T06:51:40,613.41,100.0,-90.0,101.5,-90.0,523.41,522.36,100.0,True,
2026-03-25T09:30:40,38,RR1.00:6-7:537:2060,2026-03-25T06:51:40,613.41,100.0,-90.0,101.5,-90.0,523.41,522.36,100.0,True,
2026-03-25T09:30:40,39,RR1.00:6-7:537:2060,2026-03-25T06:51:40,613.41,100.0,-90.0,101.5,-90.0,523.41,522.36,100.0,True,
2026-03-25T09:30:40,40,RR1.00:6-7:537:2060,2026-03-25T06:51:40,613.41,100.0,-90.0,101.5,-90.0,523.41,522.36,100.0,True,
2026-03-25T09:30:40,41,RR1.00:6-7:537:2060,2026-03-25T06:51:40,613.41,100.0,-90.0,101.5,-90.0,523.41,522.36,100.0,True,
2026-03-25T09:30:40,42,RR1.00:6-7:537:2060,2026-03-25T06:51:40,613.41,100.0,-90.0,101.5,-90.0,523.41,522.36,100.0,True,
2026-03-25T09:30:40,43,RR1.00:6-7:537:2060,2026-03-25T06:51:40,613.41,100.0,-90.0,101.5,-90.0,523.41,522.36,100.0,True,
2026-03-25T09:30:40,44,RR1.00:6-7:537:2060,2026-03-25T06:51:40,613.41,100.0,-90.0,101.5,-90.0,523.41,522.36,100.0,True,
2026-03-25T09:30:40,48,RR1.00:6-7:537:2060,2026-03-25T06:51:40,613.41,100.0,-90.0,101.5,-90.0,523.41,522.36,100.0,True,
2026-03-25T09:30:40,49,RR1.00:6-7:537:2060,2026-03-25T06:51:40,613.41,100.0,-90.0,101.5,-90.0,523.41,522.36,100.0,True,
2026-03-25T09:30:40,55,RR1.00:6-7:537:2060,2026-03-25T06:51:40,613.41,100.0,-90.0,101.5,-90.0,523.41,522.36,100.0,True,
2026-03-25T09:30:40,56,RR1.00:6-7:537:2060,2026-03-25T06:51:40,613.41,100.0,-90.0,101.5,-90.0,523.41,522.36,100.0,True,
2026-03-25T11:30:00,4,RR1.00:9-10:559:2066,2026-03-25T09:51:40,522.36,100.0,-65.0,302.0,241.5,457.36,762.81,100.0,True,
2026-03-25T11:30:00,30,RR1.00:9-10:559:2066,2026-03-25T09:51:40,522.36,100.0,-65.0,302.0,241.5,457.36,762.81,100.0,True,
2026-03-25T11:30:00,31,RR1.00:9-10:559:2066,2026-03-25T09:51:40,522.36,100.0,-65.0,302.0,241.5,457.36,762.81,100.0,True,
2026-03-25T11:30:00,32,RR1.00:9-10:559:2066,2026-03-25T09:51:40,522.36,100.0,-65.0,302.0,241.5,457.36,762.81,100.0,True,
2026-03-25T11:30:00,33,RR1.00:9-10:559:2066,2026-03-25T09:51:40,522.36,100.0,-65.0,302.0,241.5,457.36,762.81,100.0,True,
2026-03-25T11:30:00,34,RR1.00:9-10:559:2066,2026-03-25T09:51:40,522.36,100.0,-65.0,302.0,241.5,457.36,762.81,100.0,True,
2026-03-25T11:30:00,35,RR1.00:9-10:559:2066,2026-03-25T09:51:40,522.36,100.0,-65.0,302.0,241.5,457.36,762.81,100.0,True,
2026-03-25T11:30:00,36,RR1.00:9-10:559:2066,2026-03-25T09:51:40,522.36,100.0,-65.0,302.0,241.5,457.36,762.81,100.0,True,
2026-03-25T11:30:00,37,RR1.00:9-10:559:2066,2026-03-25T09:51:40,522.36,100.0,-65.0,302.0,241.5,457.36,762.81,100.0,True,
2026-03-25T11:30:00,38,RR1.00:9-10:559:2066,2026-03-25T09:51:40,522.36,100.0,-65.0,302.0,241.5,457.36,762.81,100.0,True,
2026-03-25T11:30:00,39,RR1.00:9-10:559:2066,2026-03-25T09:51:40,522.36,100.0,-65.0,302.0,241.5,457.36,762.81,100.0,True,
2026-03-25T11:30:00,40,RR1.00:9-10:559:2066,2026-03-25T09:51:40,522.36,100.0,-65.0,302.0,241.5,457.36,762.81,100.0,True,
2026-03-25T11:30:00,41,RR1.00:9-10:559:2066,2026-03-25T09:51:40,522.36,100.0,-65.0,302.0,241.5,457.36,762.81,100.0,True,
2026-03-25T11:30:00,42,RR1.00:9-10:559:2066,2026-03-25T09:51:40,522.36,100.0,-65.0,302.0,241.5,457.36,762.81,100.0,True,
2026-03-25T11:30:00,43,RR1.00:9-10:559:2066,2026-03-25T09:51:40,522.36,100.0,-65.0,302.0,241.5,457.36,762.81,100.0,True,
2026-03-25T11:30:00,44,RR1.00:9-10:559:2066,2026-03-25T09:51:40,522.36,100.0,-65.0,302.0,241.5,457.36,762.81,100.0,True,
2026-03-25T11:30:00,48,RR1.00:9-10:559:2066,2026-03-25T09:51:40,522.36,100.0,-65.0,302.0,241.5,457.36,762.81,100.0,True,
2026-03-25T11:30:00,49,RR1.00:9-10:559:2066,2026-03-25T09:51:40,522.36,100.0,-65.0,302.0,241.5,457.36,762.81,100.0,True,
2026-03-25T11:30:00,55,RR1.00:9-10:559:2066,2026-03-25T09:51:40,522.36,100.0,-65.0,302.0,241.5,457.36,762.81,100.0,True,
2026-03-25T11:30:00,56,RR1.00:9-10:559:2066,2026-03-25T09:51:40,522.36,100.0,-65.0,302.0,241.5,457.36,762.81,100.0,True,
2026-03-25T11:30:00,4,RR1.00:10-11:589:2138,2026-03-25T10:40:40,762.81,100.0,-23.5,265.0,204.5,739.31,966.26,100.0,True,
2026-03-25T11:30:00,30,RR1.00:10-11:589:2138,2026-03-25T10:40:40,762.81,100.0,-23.5,265.0,204.5,739.31,966.26,100.0,True,
2026-03-25T11:30:00,31,RR1.00:10-11:589:2138,2026-03-25T10:40:40,762.81,100.0,-23.5,265.0,204.5,739.31,966.26,100.0,True,
2026-03-25T11:30:00,32,RR1.00:10-11:589:2138,2026-03-25T10:40:40,762.81,100.0,-23.5,265.0,204.5,739.31,966.26,100.0,True,
2026-03-25T11:30:00,33,RR1.00:10-11:589:2138,2026-03-25T10:40:40,762.81,100.0,-23.5,265.0,204.5,739.31,966.26,100.0,True,
2026-03-25T11:30:00,34,RR1.00:10-11:589:2138,2026-03-25T10:40:40,762.81,100.0,-23.5,265.0,204.5,739.31,966.26,100.0,True,
2026-03-25T11:30:00,35,RR1.00:10-11:589:2138,2026-03-25T10:40:40,762.81,100.0,-23.5,265.0,204.5,739.31,966.26,100.0,True,
2026-03-25T11:30:00,36,RR1.00:10-11:589:2138,2026-03-25T10:40:40,762.81,100.0,-23.5,265.0,204.5,739.31,966.26,100.0,True,
2026-03-25T11:30:00,37,RR1.00:10-11:589:2138,2026-03-25T10:40:40,762.81,100.0,-23.5,265.0,204.5,739.31,966.26,100.0,True,
2026-03-25T11:30:00,38,RR1.00:10-11:589:2138,2026-03-25T10:40:40,762.81,100.0,-23.5,265.0,204.5,739.31,966.26,100.0,True,
2026-03-25T11:30:00,39,RR1.00:10-11:589:2138,2026-03-25T10:40:40,762.81,100.0,-23.5,265.0,204.5,739.31,966.26,100.0,True,
2026-03-25T11:30:00,40,RR1.00:10-11:589:2138,2026-03-25T10:40:40,762.81,100.0,-23.5,265.0,204.5,739.31,966.26,100.0,True,
2026-03-25T11:30:00,41,RR1.00:10-11:589:2138,2026-03-25T10:40:40,762.81,100.0,-23.5,265.0,204.5,739.31,966.26,100.0,True,
2026-03-25T11:30:00,42,RR1.00:10-11:589:2138,2026-03-25T10:40:40,762.81,100.0,-23.5,265.0,204.5,739.31,966.26,100.0,True,
2026-03-25T11:30:00,43,RR1.00:10-11:589:2138,2026-03-25T10:40:40,762.81,100.0,-23.5,265.0,204.5,739.31,966.26,100.0,True,
2026-03-25T11:30:00,44,RR1.00:10-11:589:2138,2026-03-25T10:40:40,762.81,100.0,-23.5,265.0,204.5,739.31,966.26,100.0,True,
2026-03-25T11:30:00,48,RR1.00:10-11:589:2138,2026-03-25T10:40:40,762.81,100.0,-23.5,265.0,204.5,739.31,966.26,100.0,True,
2026-03-25T11:30:00,49,RR1.00:10-11:589:2138,2026-03-25T10:40:40,762.81,100.0,-23.5,265.0,204.5,739.31,966.26,100.0,True,
2026-03-25T11:30:00,55,RR1.00:10-11:589:2138,2026-03-25T10:40:40,762.81,100.0,-23.5,265.0,204.5,739.31,966.26,100.0,True,
2026-03-25T11:30:00,56,RR1.00:10-11:589:2138,2026-03-25T10:40:40,762.81,100.0,-23.5,265.0,204.5,739.31,966.26,100.0,True,
2026-03-25T16:49:40,4,RR1.00:16-17:851:2432,2026-03-25T16:36:40,966.26,100.0,-131.0,80.5,-131.0,835.26,834.21,100.0,True,
2026-03-25T16:49:40,30,RR1.00:16-17:851:2432,2026-03-25T16:36:40,966.26,100.0,-131.0,80.5,-131.0,835.26,834.21,100.0,True,
2026-03-25T16:49:40,31,RR1.00:16-17:851:2432,2026-03-25T16:36:40,966.26,100.0,-131.0,80.5,-131.0,835.26,834.21,100.0,True,
2026-03-25T16:49:40,32,RR1.00:16-17:851:2432,2026-03-25T16:36:40,966.26,100.0,-131.0,80.5,-131.0,835.26,834.21,100.0,True,
2026-03-25T16:49:40,33,RR1.00:16-17:851:2432,2026-03-25T16:36:40,966.26,100.0,-131.0,80.5,-131.0,835.26,834.21,100.0,True,
2026-03-25T16:49:40,34,RR1.00:16-17:851:2432,2026-03-25T16:36:40,966.26,100.0,-131.0,80.5,-131.0,835.26,834.21,100.0,True,
2026-03-25T16:49:40,35,RR1.00:16-17:851:2432,2026-03-25T16:36:40,966.26,100.0,-131.0,80.5,-131.0,835.26,834.21,100.0,True,
2026-03-25T16:49:40,36,RR1.00:16-17:851:2432,2026-03-25T16:36:40,966.26,100.0,-131.0,80.5,-131.0,835.26,834.21,100.0,True,
2026-03-25T16:49:40,37,RR1.00:16-17:851:2432,2026-03-25T16:36:40,966.26,100.0,-131.0,80.5,-131.0,835.26,834.21,100.0,True,
2026-03-25T16:49:40,38,RR1.00:16-17:851:2432,2026-03-25T16:36:40,966.26,100.0,-131.0,80.5,-131.0,835.26,834.21,100.0,True,
2026-03-25T16:49:40,39,RR1.00:16-17:851:2432,2026-03-25T16:36:40,966.26,100.0,-131.0,80.5,-131.0,835.26,834.21,100.0,True,
2026-03-25T16:49:40,40,RR1.00:16-17:851:2432,2026-03-25T16:36:40,966.26,100.0,-131.0,80.5,-131.0,835.26,834.21,100.0,True,
2026-03-25T16:49:40,41,RR1.00:16-17:851:2432,2026-03-25T16:36:40,966.26,100.0,-131.0,80.5,-131.0,835.26,834.21,100.0,True,
2026-03-25T16:49:40,42,RR1.00:16-17:851:2432,2026-03-25T16:36:40,966.26,100.0,-131.0,80.5,-131.0,835.26,834.21,100.0,True,
2026-03-25T16:49:40,43,RR1.00:16-17:851:2432,2026-03-25T16:36:40,966.26,100.0,-131.0,80.5,-131.0,835.26,834.21,100.0,True,
2026-03-25T16:49:40,44,RR1.00:16-17:851:2432,2026-03-25T16:36:40,966.26,100.0,-131.0,80.5,-131.0,835.26,834.21,100.0,True,
2026-03-25T16:49:40,48,RR1.00:16-17:851:2432,2026-03-25T16:36:40,966.26,100.0,-131.0,80.5,-131.0,835.26,834.21,100.0,True,
2026-03-25T16:49:40,49,RR1.00:16-17:851:2432,2026-03-25T16:36:40,966.26,100.0,-131.0,80.5,-131.0,835.26,834.21,100.0,True,
2026-03-25T16:49:40,55,RR1.00:16-17:851:2432,2026-03-25T16:36:40,966.26,100.0,-131.0,80.5,-131.0,835.26,834.21,100.0,True,
2026-03-25T16:49:40,56,RR1.00:16-17:851:2432,2026-03-25T16:36:40,966.26,100.0,-131.0,80.5,-131.0,835.26,834.21,100.0,True,
2026-03-25T21:55:40,4,RR1.00:19-20:482:1968,2026-03-25T19:33:40,834.21,100.0,-204.5,97.5,-204.5,629.71,628.66,100.0,True,
2026-03-25T21:55:40,30,RR1.00:19-20:482:1968,2026-03-25T19:33:40,834.21,100.0,-204.5,97.5,-204.5,629.71,628.66,100.0,True,
2026-03-25T21:55:40,31,RR1.00:19-20:482:1968,2026-03-25T19:33:40,834.21,100.0,-204.5,97.5,-204.5,629.71,628.66,100.0,True,
2026-03-25T21:55:40,32,RR1.00:19-20:482:1968,2026-03-25T19:33:40,834.21,100.0,-204.5,97.5,-204.5,629.71,628.66,100.0,True,
2026-03-25T21:55:40,33,RR1.00:19-20:482:1968,2026-03-25T19:33:40,834.21,100.0,-204.5,97.5,-204.5,629.71,628.66,100.0,True,
2026-03-25T21:55:40,34,RR1.00:19-20:482:1968,2026-03-25T19:33:40,834.21,100.0,-204.5,97.5,-204.5,629.71,628.66,100.0,True,
2026-03-25T21:55:40,35,RR1.00:19-20:482:1968,2026-03-25T19:33:40,834.21,100.0,-204.5,97.5,-204.5,629.71,628.66,100.0,True,
2026-03-25T21:55:40,36,RR1.00:19-20:482:1968,2026-03-25T19:33:40,834.21,100.0,-204.5,97.5,-204.5,629.71,628.66,100.0,True,
2026-03-25T21:55:40,37,RR1.00:19-20:482:1968,2026-03-25T19:33:40,834.21,100.0,-204.5,97.5,-204.5,629.71,628.66,100.0,True,
2026-03-25T21:55:40,38,RR1.00:19-20:482:1968,2026-03-25T19:33:40,834.21,100.0,-204.5,97.5,-204.5,629.71,628.66,100.0,True,
2026-03-25T21:55:40,39,RR1.00:19-20:482:1968,2026-03-25T19:33:40,834.21,100.0,-204.5,97.5,-204.5,629.71,628.66,100.0,True,
2026-03-25T21:55:40,40,RR1.00:19-20:482:1968,2026-03-25T19:33:40,834.21,100.0,-204.5,97.5,-204.5,629.71,628.66,100.0,True,
2026-03-25T21:55:40,41,RR1.00:19-20:482:1968,2026-03-25T19:33:40,834.21,100.0,-204.5,97.5,-204.5,629.71,628.66,100.0,True,
2026-03-25T21:55:40,42,RR1.00:19-20:482:1968,2026-03-25T19:33:40,834.21,100.0,-204.5,97.5,-204.5,629.71,628.66,100.0,True,
2026-03-25T21:55:40,43,RR1.00:19-20:482:1968,2026-03-25T19:33:40,834.21,100.0,-204.5,97.5,-204.5,629.71,628.66,100.0,True,
2026-03-25T21:55:40,44,RR1.00:19-20:482:1968,2026-03-25T19:33:40,834.21,100.0,-204.5,97.5,-204.5,629.71,628.66,100.0,True,
2026-03-25T21:55:40,48,RR1.00:19-20:482:1968,2026-03-25T19:33:40,834.21,100.0,-204.5,97.5,-204.5,629.71,628.66,100.0,True,
2026-03-25T21:55:40,49,RR1.00:19-20:482:1968,2026-03-25T19:33:40,834.21,100.0,-204.5,97.5,-204.5,629.71,628.66,100.0,True,
2026-03-25T21:55:40,55,RR1.00:19-20:482:1968,2026-03-25T19:33:40,834.21,100.0,-204.5,97.5,-204.5,629.71,628.66,100.0,True,
2026-03-25T21:55:40,56,RR1.00:19-20:482:1968,2026-03-25T19:33:40,834.21,100.0,-204.5,97.5,-204.5,629.71,628.66,100.0,True,
2026-03-26T03:30:00,4,RR1.00:2-3:560:2115,2026-03-26T02:56:40,628.66,100.0,-28.0,158.5,121.5,600.66,749.11,100.0,True,
2026-03-26T03:30:00,30,RR1.00:2-3:560:2115,2026-03-26T02:56:40,628.66,100.0,-28.0,158.5,121.5,600.66,749.11,100.0,True,
2026-03-26T03:30:00,31,RR1.00:2-3:560:2115,2026-03-26T02:56:40,628.66,100.0,-28.0,158.5,121.5,600.66,749.11,100.0,True,
2026-03-26T03:30:00,32,RR1.00:2-3:560:2115,2026-03-26T02:56:40,628.66,100.0,-28.0,158.5,121.5,600.66,749.11,100.0,True,
2026-03-26T03:30:00,33,RR1.00:2-3:560:2115,2026-03-26T02:56:40,628.66,100.0,-28.0,158.5,121.5,600.66,749.11,100.0,True,
2026-03-26T03:30:00,34,RR1.00:2-3:560:2115,2026-03-26T02:56:40,628.66,100.0,-28.0,158.5,121.5,600.66,749.11,100.0,True,
2026-03-26T03:30:00,35,RR1.00:2-3:560:2115,2026-03-26T02:56:40,628.66,100.0,-28.0,158.5,121.5,600.66,749.11,100.0,True,
2026-03-26T03:30:00,36,RR1.00:2-3:560:2115,2026-03-26T02:56:40,628.66,100.0,-28.0,158.5,121.5,600.66,749.11,100.0,True,
2026-03-26T03:30:00,37,RR1.00:2-3:560:2115,2026-03-26T02:56:40,628.66,100.0,-28.0,158.5,121.5,600.66,749.11,100.0,True,
2026-03-26T03:30:00,38,RR1.00:2-3:560:2115,2026-03-26T02:56:40,628.66,100.0,-28.0,158.5,121.5,600.66,749.11,100.0,True,
2026-03-26T03:30:00,39,RR1.00:2-3:560:2115,2026-03-26T02:56:40,628.66,100.0,-28.0,158.5,121.5,600.66,749.11,100.0,True,
2026-03-26T03:30:00,40,RR1.00:2-3:560:2115,2026-03-26T02:56:40,628.66,100.0,-28.0,158.5,121.5,600.66,749.11,100.0,True,
2026-03-26T03:30:00,41,RR1.00:2-3:560:2115,2026-03-26T02:56:40,628.66,100.0,-28.0,158.5,121.5,600.66,749.11,100.0,True,
2026-03-26T03:30:00,42,RR1.00:2-3:560:2115,2026-03-26T02:56:40,628.66,100.0,-28.0,158.5,121.5,600.66,749.11,100.0,True,
2026-03-26T03:30:00,43,RR1.00:2-3:560:2115,2026-03-26T02:56:40,628.66,100.0,-28.0,158.5,121.5,600.66,749.11,100.0,True,
2026-03-26T03:30:00,44,RR1.00:2-3:560:2115,2026-03-26T02:56:40,628.66,100.0,-28.0,158.5,121.5,600.66,749.11,100.0,True,
2026-03-26T03:30:00,48,RR1.00:2-3:560:2115,2026-03-26T02:56:40,628.66,100.0,-28.0,158.5,121.5,600.66,749.11,100.0,True,
2026-03-26T03:30:00,49,RR1.00:2-3:560:2115,2026-03-26T02:56:40,628.66,100.0,-28.0,158.5,121.5,600.66,749.11,100.0,True,
2026-03-26T03:30:00,55,RR1.00:2-3:560:2115,2026-03-26T02:56:40,628.66,100.0,-28.0,158.5,121.5,600.66,749.11,100.0,True,
2026-03-26T03:30:00,56,RR1.00:2-3:560:2115,2026-03-26T02:56:40,628.66,100.0,-28.0,158.5,121.5,600.66,749.11,100.0,True,
2026-03-26T09:01:40,4,RR1.00:6-7:538:2062,2026-03-26T06:22:40,749.11,100.0,-172.5,184.0,-172.5,576.61,575.56,100.0,True,
2026-03-26T09:01:40,30,RR1.00:6-7:538:2062,2026-03-26T06:22:40,749.11,100.0,-172.5,184.0,-172.5,576.61,575.56,100.0,True,
2026-03-26T09:01:40,31,RR1.00:6-7:538:2062,2026-03-26T06:22:40,749.11,100.0,-172.5,184.0,-172.5,576.61,575.56,100.0,True,
2026-03-26T09:01:40,32,RR1.00:6-7:538:2062,2026-03-26T06:22:40,749.11,100.0,-172.5,184.0,-172.5,576.61,575.56,100.0,True,
2026-03-26T09:01:40,33,RR1.00:6-7:538:2062,2026-03-26T06:22:40,749.11,100.0,-172.5,184.0,-172.5,576.61,575.56,100.0,True,
2026-03-26T09:01:40,34,RR1.00:6-7:538:2062,2026-03-26T06:22:40,749.11,100.0,-172.5,184.0,-172.5,576.61,575.56,100.0,True,
2026-03-26T09:01:40,35,RR1.00:6-7:538:2062,2026-03-26T06:22:40,749.11,100.0,-172.5,184.0,-172.5,576.61,575.56,100.0,True,
2026-03-26T09:01:40,36,RR1.00:6-7:538:2062,2026-03-26T06:22:40,749.11,100.0,-172.5,184.0,-172.5,576.61,575.56,100.0,True,
2026-03-26T09:01:40,37,RR1.00:6-7:538:2062,2026-03-26T06:22:40,749.11,100.0,-172.5,184.0,-172.5,576.61,575.56,100.0,True,
2026-03-26T09:01:40,38,RR1.00:6-7:538:2062,2026-03-26T06:22:40,749.11,100.0,-172.5,184.0,-172.5,576.61,575.56,100.0,True,
2026-03-26T09:01:40,39,RR1.00:6-7:538:2062,2026-03-26T06:22:40,749.11,100.0,-172.5,184.0,-172.5,576.61,575.56,100.0,True,
2026-03-26T09:01:40,40,RR1.00:6-7:538:2062,2026-03-26T06:22:40,749.11,100.0,-172.5,184.0,-172.5,576.61,575.56,100.0,True,
2026-03-26T09:01:40,41,RR1.00:6-7:538:2062,2026-03-26T06:22:40,749.11,100.0,-172.5,184.0,-172.5,576.61,575.56,100.0,True,
2026-03-26T09:01:40,42,RR1.00:6-7:538:2062,2026-03-26T06:22:40,749.11,100.0,-172.5,184.0,-172.5,576.61,575.56,100.0,True,
2026-03-26T09:01:40,43,RR1.00:6-7:538:2062,2026-03-26T06:22:40,749.11,100.0,-172.5,184.0,-172.5,576.61,575.56,100.0,True,
2026-03-26T09:01:40,44,RR1.00:6-7:538:2062,2026-03-26T06:22:40,749.11,100.0,-172.5,184.0,-172.5,576.61,575.56,100.0,True,
2026-03-26T09:01:40,48,RR1.00:6-7:538:2062,2026-03-26T06:22:40,749.11,100.0,-172.5,184.0,-172.5,576.61,575.56,100.0,True,
2026-03-26T09:01:40,49,RR1.00:6-7:538:2062,2026-03-26T06:22:40,749.11,100.0,-172.5,184.0,-172.5,576.61,575.56,100.0,True,
2026-03-26T09:01:40,55,RR1.00:6-7:538:2062,2026-03-26T06:22:40,749.11,100.0,-172.5,184.0,-172.5,576.61,575.56,100.0,True,
2026-03-26T09:01:40,56,RR1.00:6-7:538:2062,2026-03-26T06:22:40,749.11,100.0,-172.5,184.0,-172.5,576.61,575.56,100.0,True,
2026-03-26T10:06:40,4,RR1.00:9-10:560:2068,2026-03-26T09:55:40,575.56,100.0,-88.0,7.0,-88.0,487.56,486.51,100.0,True,
2026-03-26T10:06:40,30,RR1.00:9-10:560:2068,2026-03-26T09:55:40,575.56,100.0,-88.0,7.0,-88.0,487.56,486.51,100.0,True,
2026-03-26T10:06:40,31,RR1.00:9-10:560:2068,2026-03-26T09:55:40,575.56,100.0,-88.0,7.0,-88.0,487.56,486.51,100.0,True,
2026-03-26T10:06:40,32,RR1.00:9-10:560:2068,2026-03-26T09:55:40,575.56,100.0,-88.0,7.0,-88.0,487.56,486.51,100.0,True,
2026-03-26T10:06:40,33,RR1.00:9-10:560:2068,2026-03-26T09:55:40,575.56,100.0,-88.0,7.0,-88.0,487.56,486.51,100.0,True,
2026-03-26T10:06:40,34,RR1.00:9-10:560:2068,2026-03-26T09:55:40,575.56,100.0,-88.0,7.0,-88.0,487.56,486.51,100.0,True,
2026-03-26T10:06:40,35,RR1.00:9-10:560:2068,2026-03-26T09:55:40,575.56,100.0,-88.0,7.0,-88.0,487.56,486.51,100.0,True,
2026-03-26T10:06:40,36,RR1.00:9-10:560:2068,2026-03-26T09:55:40,575.56,100.0,-88.0,7.0,-88.0,487.56,486.51,100.0,True,
2026-03-26T10:06:40,37,RR1.00:9-10:560:2068,2026-03-26T09:55:40,575.56,100.0,-88.0,7.0,-88.0,487.56,486.51,100.0,True,
2026-03-26T10:06:40,38,RR1.00:9-10:560:2068,2026-03-26T09:55:40,575.56,100.0,-88.0,7.0,-88.0,487.56,486.51,100.0,True,
2026-03-26T10:06:40,39,RR1.00:9-10:560:2068,2026-03-26T09:55:40,575.56,100.0,-88.0,7.0,-88.0,487.56,486.51,100.0,True,
2026-03-26T10:06:40,40,RR1.00:9-10:560:2068,2026-03-26T09:55:40,575.56,100.0,-88.0,7.0,-88.0,487.56,486.51,100.0,True,
2026-03-26T10:06:40,41,RR1.00:9-10:560:2068,2026-03-26T09:55:40,575.56,100.0,-88.0,7.0,-88.0,487.56,486.51,100.0,True,
2026-03-26T10:06:40,42,RR1.00:9-10:560:2068,2026-03-26T09:55:40,575.56,100.0,-88.0,7.0,-88.0,487.56,486.51,100.0,True,
2026-03-26T10:06:40,43,RR1.00:9-10:560:2068,2026-03-26T09:55:40,575.56,100.0,-88.0,7.0,-88.0,487.56,486.51,100.0,True,
2026-03-26T10:06:40,44,RR1.00:9-10:560:2068,2026-03-26T09:55:40,575.56,100.0,-88.0,7.0,-88.0,487.56,486.51,100.0,True,
2026-03-26T10:06:40,48,RR1.00:9-10:560:2068,2026-03-26T09:55:40,575.56,100.0,-88.0,7.0,-88.0,487.56,486.51,100.0,True,
2026-03-26T10:06:40,49,RR1.00:9-10:560:2068,2026-03-26T09:55:40,575.56,100.0,-88.0,7.0,-88.0,487.56,486.51,100.0,True,
2026-03-26T10:06:40,55,RR1.00:9-10:560:2068,2026-03-26T09:55:40,575.56,100.0,-88.0,7.0,-88.0,487.56,486.51,100.0,True,
2026-03-26T10:06:40,56,RR1.00:9-10:560:2068,2026-03-26T09:55:40,575.56,100.0,-88.0,7.0,-88.0,487.56,486.51,100.0,True,
2026-03-26T16:39:40,4,RR1.00:16-17:852:2434,2026-03-26T16:00:40,486.51,100.0,-122.0,51.5,-122.0,364.51,363.46,100.0,True,
2026-03-26T16:39:40,30,RR1.00:16-17:852:2434,2026-03-26T16:00:40,486.51,100.0,-122.0,51.5,-122.0,364.51,363.46,100.0,True,
2026-03-26T16:39:40,31,RR1.00:16-17:852:2434,2026-03-26T16:00:40,486.51,100.0,-122.0,51.5,-122.0,364.51,363.46,100.0,True,
2026-03-26T16:39:40,32,RR1.00:16-17:852:2434,2026-03-26T16:00:40,486.51,100.0,-122.0,51.5,-122.0,364.51,363.46,100.0,True,
2026-03-26T16:39:40,33,RR1.00:16-17:852:2434,2026-03-26T16:00:40,486.51,100.0,-122.0,51.5,-122.0,364.51,363.46,100.0,True,
2026-03-26T16:39:40,34,RR1.00:16-17:852:2434,2026-03-26T16:00:40,486.51,100.0,-122.0,51.5,-122.0,364.51,363.46,100.0,True,
2026-03-26T16:39:40,35,RR1.00:16-17:852:2434,2026-03-26T16:00:40,486.51,100.0,-122.0,51.5,-122.0,364.51,363.46,100.0,True,
2026-03-26T16:39:40,36,RR1.00:16-17:852:2434,2026-03-26T16:00:40,486.51,100.0,-122.0,51.5,-122.0,364.51,363.46,100.0,True,
2026-03-26T16:39:40,37,RR1.00:16-17:852:2434,2026-03-26T16:00:40,486.51,100.0,-122.0,51.5,-122.0,364.51,363.46,100.0,True,
2026-03-26T16:39:40,38,RR1.00:16-17:852:2434,2026-03-26T16:00:40,486.51,100.0,-122.0,51.5,-122.0,364.51,363.46,100.0,True,
2026-03-26T16:39:40,39,RR1.00:16-17:852:2434,2026-03-26T16:00:40,486.51,100.0,-122.0,51.5,-122.0,364.51,363.46,100.0,True,
2026-03-26T16:39:40,40,RR1.00:16-17:852:2434,2026-03-26T16:00:40,486.51,100.0,-122.0,51.5,-122.0,364.51,363.46,100.0,True,
2026-03-26T16:39:40,41,RR1.00:16-17:852:2434,2026-03-26T16:00:40,486.51,100.0,-122.0,51.5,-122.0,364.51,363.46,100.0,True,
2026-03-26T16:39:40,42,RR1.00:16-17:852:2434,2026-03-26T16:00:40,486.51,100.0,-122.0,51.5,-122.0,364.51,363.46,100.0,True,
2026-03-26T16:39:40,43,RR1.00:16-17:852:2434,2026-03-26T16:00:40,486.51,100.0,-122.0,51.5,-122.0,364.51,363.46,100.0,True,
2026-03-26T16:39:40,44,RR1.00:16-17:852:2434,2026-03-26T16:00:40,486.51,100.0,-122.0,51.5,-122.0,364.51,363.46,100.0,True,
2026-03-26T16:39:40,48,RR1.00:16-17:852:2434,2026-03-26T16:00:40,486.51,100.0,-122.0,51.5,-122.0,364.51,363.46,100.0,True,
2026-03-26T16:39:40,49,RR1.00:16-17:852:2434,2026-03-26T16:00:40,486.51,100.0,-122.0,51.5,-122.0,364.51,363.46,100.0,True,
2026-03-26T16:39:40,55,RR1.00:16-17:852:2434,2026-03-26T16:00:40,486.51,100.0,-122.0,51.5,-122.0,364.51,363.46,100.0,True,
2026-03-26T16:39:40,56,RR1.00:16-17:852:2434,2026-03-26T16:00:40,486.51,100.0,-122.0,51.5,-122.0,364.51,363.46,100.0,True,
2026-03-26T20:14:40,4,RR1.00:20-21:517:1920,2026-03-26T20:00:40,363.46,100.0,-96.5,5.0,-96.5,266.96,265.91,100.0,True,
2026-03-26T20:14:40,30,RR1.00:20-21:517:1920,2026-03-26T20:00:40,363.46,100.0,-96.5,5.0,-96.5,266.96,265.91,100.0,True,
2026-03-26T20:14:40,31,RR1.00:20-21:517:1920,2026-03-26T20:00:40,363.46,100.0,-96.5,5.0,-96.5,266.96,265.91,100.0,True,
2026-03-26T20:14:40,32,RR1.00:20-21:517:1920,2026-03-26T20:00:40,363.46,100.0,-96.5,5.0,-96.5,266.96,265.91,100.0,True,
2026-03-26T20:14:40,33,RR1.00:20-21:517:1920,2026-03-26T20:00:40,363.46,100.0,-96.5,5.0,-96.5,266.96,265.91,100.0,True,
2026-03-26T20:14:40,34,RR1.00:20-21:517:1920,2026-03-26T20:00:40,363.46,100.0,-96.5,5.0,-96.5,266.96,265.91,100.0,True,
2026-03-26T20:14:40,35,RR1.00:20-21:517:1920,2026-03-26T20:00:40,363.46,100.0,-96.5,5.0,-96.5,266.96,265.91,100.0,True,
2026-03-26T20:14:40,36,RR1.00:20-21:517:1920,2026-03-26T20:00:40,363.46,100.0,-96.5,5.0,-96.5,266.96,265.91,100.0,True,
2026-03-26T20:14:40,37,RR1.00:20-21:517:1920,2026-03-26T20:00:40,363.46,100.0,-96.5,5.0,-96.5,266.96,265.91,100.0,True,
2026-03-26T20:14:40,38,RR1.00:20-21:517:1920,2026-03-26T20:00:40,363.46,100.0,-96.5,5.0,-96.5,266.96,265.91,100.0,True,
2026-03-26T20:14:40,39,RR1.00:20-21:517:1920,2026-03-26T20:00:40,363.46,100.0,-96.5,5.0,-96.5,266.96,265.91,100.0,True,
2026-03-26T20:14:40,40,RR1.00:20-21:517:1920,2026-03-26T20:00:40,363.46,100.0,-96.5,5.0,-96.5,266.96,265.91,100.0,True,
2026-03-26T20:14:40,41,RR1.00:20-21:517:1920,2026-03-26T20:00:40,363.46,100.0,-96.5,5.0,-96.5,266.96,265.91,100.0,True,
2026-03-26T20:14:40,42,RR1.00:20-21:517:1920,2026-03-26T20:00:40,363.46,100.0,-96.5,5.0,-96.5,266.96,265.91,100.0,True,
2026-03-26T20:14:40,43,RR1.00:20-21:517:1920,2026-03-26T20:00:40,363.46,100.0,-96.5,5.0,-96.5,266.96,265.91,100.0,True,
2026-03-26T20:14:40,44,RR1.00:20-21:517:1920,2026-03-26T20:00:40,363.46,100.0,-96.5,5.0,-96.5,266.96,265.91,100.0,True,
2026-03-26T20:14:40,48,RR1.00:20-21:517:1920,2026-03-26T20:00:40,363.46,100.0,-96.5,5.0,-96.5,266.96,265.91,100.0,True,
2026-03-26T20:14:40,49,RR1.00:20-21:517:1920,2026-03-26T20:00:40,363.46,100.0,-96.5,5.0,-96.5,266.96,265.91,100.0,True,
2026-03-26T20:14:40,55,RR1.00:20-21:517:1920,2026-03-26T20:00:40,363.46,100.0,-96.5,5.0,-96.5,266.96,265.91,100.0,True,
2026-03-26T20:14:40,56,RR1.00:20-21:517:1920,2026-03-26T20:00:40,363.46,100.0,-96.5,5.0,-96.5,266.96,265.91,100.0,True,
2026-03-26T23:30:00,4,RR1.00:23-24:113:846,2026-03-26T23:11:40,265.91,100.0,-58.5,357.0,38.5,207.41,303.36,100.0,True,
2026-03-26T23:30:00,30,RR1.00:23-24:113:846,2026-03-26T23:11:40,265.91,100.0,-58.5,357.0,38.5,207.41,303.36,100.0,True,
2026-03-26T23:30:00,31,RR1.00:23-24:113:846,2026-03-26T23:11:40,265.91,100.0,-58.5,357.0,38.5,207.41,303.36,100.0,True,
2026-03-26T23:30:00,32,RR1.00:23-24:113:846,2026-03-26T23:11:40,265.91,100.0,-58.5,357.0,38.5,207.41,303.36,100.0,True,
2026-03-26T23:30:00,33,RR1.00:23-24:113:846,2026-03-26T23:11:40,265.91,100.0,-58.5,357.0,38.5,207.41,303.36,100.0,True,
2026-03-26T23:30:00,34,RR1.00:23-24:113:846,2026-03-26T23:11:40,265.91,100.0,-58.5,357.0,38.5,207.41,303.36,100.0,True,
2026-03-26T23:30:00,35,RR1.00:23-24:113:846,2026-03-26T23:11:40,265.91,100.0,-58.5,357.0,38.5,207.41,303.36,100.0,True,
2026-03-26T23:30:00,36,RR1.00:23-24:113:846,2026-03-26T23:11:40,265.91,100.0,-58.5,357.0,38.5,207.41,303.36,100.0,True,
2026-03-26T23:30:00,37,RR1.00:23-24:113:846,2026-03-26T23:11:40,265.91,100.0,-58.5,357.0,38.5,207.41,303.36,100.0,True,
2026-03-26T23:30:00,38,RR1.00:23-24:113:846,2026-03-26T23:11:40,265.91,100.0,-58.5,357.0,38.5,207.41,303.36,100.0,True,
2026-03-26T23:30:00,39,RR1.00:23-24:113:846,2026-03-26T23:11:40,265.91,100.0,-58.5,357.0,38.5,207.41,303.36,100.0,True,
2026-03-26T23:30:00,40,RR1.00:23-24:113:846,2026-03-26T23:11:40,265.91,100.0,-58.5,357.0,38.5,207.41,303.36,100.0,True,
2026-03-26T23:30:00,41,RR1.00:23-24:113:846,2026-03-26T23:11:40,265.91,100.0,-58.5,357.0,38.5,207.41,303.36,100.0,True,
2026-03-26T23:30:00,42,RR1.00:23-24:113:846,2026-03-26T23:11:40,265.91,100.0,-58.5,357.0,38.5,207.41,303.36,100.0,True,
2026-03-26T23:30:00,43,RR1.00:23-24:113:846,2026-03-26T23:11:40,265.91,100.0,-58.5,357.0,38.5,207.41,303.36,100.0,True,
2026-03-26T23:30:00,44,RR1.00:23-24:113:846,2026-03-26T23:11:40,265.91,100.0,-58.5,357.0,38.5,207.41,303.36,100.0,True,
2026-03-26T23:30:00,48,RR1.00:23-24:113:846,2026-03-26T23:11:40,265.91,100.0,-58.5,357.0,38.5,207.41,303.36,100.0,True,
2026-03-26T23:30:00,49,RR1.00:23-24:113:846,2026-03-26T23:11:40,265.91,100.0,-58.5,357.0,38.5,207.41,303.36,100.0,True,
2026-03-26T23:30:00,55,RR1.00:23-24:113:846,2026-03-26T23:11:40,265.91,100.0,-58.5,357.0,38.5,207.41,303.36,100.0,True,
2026-03-26T23:30:00,56,RR1.00:23-24:113:846,2026-03-26T23:11:40,265.91,100.0,-58.5,357.0,38.5,207.41,303.36,100.0,True,
2026-03-27T03:22:40,4,RR1.00:2-3:561:2117,2026-03-27T02:37:40,303.36,100.0,-77.0,60.5,-77.0,226.36,225.31,100.0,True,
2026-03-27T03:22:40,30,RR1.00:2-3:561:2117,2026-03-27T02:37:40,303.36,100.0,-77.0,60.5,-77.0,226.36,225.31,100.0,True,
2026-03-27T03:22:40,31,RR1.00:2-3:561:2117,2026-03-27T02:37:40,303.36,100.0,-77.0,60.5,-77.0,226.36,225.31,100.0,True,
2026-03-27T03:22:40,32,RR1.00:2-3:561:2117,2026-03-27T02:37:40,303.36,100.0,-77.0,60.5,-77.0,226.36,225.31,100.0,True,
2026-03-27T03:22:40,33,RR1.00:2-3:561:2117,2026-03-27T02:37:40,303.36,100.0,-77.0,60.5,-77.0,226.36,225.31,100.0,True,
2026-03-27T03:22:40,34,RR1.00:2-3:561:2117,2026-03-27T02:37:40,303.36,100.0,-77.0,60.5,-77.0,226.36,225.31,100.0,True,
2026-03-27T03:22:40,35,RR1.00:2-3:561:2117,2026-03-27T02:37:40,303.36,100.0,-77.0,60.5,-77.0,226.36,225.31,100.0,True,
2026-03-27T03:22:40,36,RR1.00:2-3:561:2117,2026-03-27T02:37:40,303.36,100.0,-77.0,60.5,-77.0,226.36,225.31,100.0,True,
2026-03-27T03:22:40,37,RR1.00:2-3:561:2117,2026-03-27T02:37:40,303.36,100.0,-77.0,60.5,-77.0,226.36,225.31,100.0,True,
2026-03-27T03:22:40,38,RR1.00:2-3:561:2117,2026-03-27T02:37:40,303.36,100.0,-77.0,60.5,-77.0,226.36,225.31,100.0,True,
2026-03-27T03:22:40,39,RR1.00:2-3:561:2117,2026-03-27T02:37:40,303.36,100.0,-77.0,60.5,-77.0,226.36,225.31,100.0,True,
2026-03-27T03:22:40,40,RR1.00:2-3:561:2117,2026-03-27T02:37:40,303.36,100.0,-77.0,60.5,-77.0,226.36,225.31,100.0,True,
2026-03-27T03:22:40,41,RR1.00:2-3:561:2117,2026-03-27T02:37:40,303.36,100.0,-77.0,60.5,-77.0,226.36,225.31,100.0,True,
2026-03-27T03:22:40,42,RR1.00:2-3:561:2117,2026-03-27T02:37:40,303.36,100.0,-77.0,60.5,-77.0,226.36,225.31,100.0,True,
2026-03-27T03:22:40,43,RR1.00:2-3:561:2117,2026-03-27T02:37:40,303.36,100.0,-77.0,60.5,-77.0,226.36,225.31,100.0,True,
2026-03-27T03:22:40,44,RR1.00:2-3:561:2117,2026-03-27T02:37:40,303.36,100.0,-77.0,60.5,-77.0,226.36,225.31,100.0,True,
2026-03-27T03:22:40,48,RR1.00:2-3:561:2117,2026-03-27T02:37:40,303.36,100.0,-77.0,60.5,-77.0,226.36,225.31,100.0,True,
2026-03-27T03:22:40,49,RR1.00:2-3:561:2117,2026-03-27T02:37:40,303.36,100.0,-77.0,60.5,-77.0,226.36,225.31,100.0,True,
2026-03-27T03:22:40,55,RR1.00:2-3:561:2117,2026-03-27T02:37:40,303.36,100.0,-77.0,60.5,-77.0,226.36,225.31,100.0,True,
2026-03-27T03:22:40,56,RR1.00:2-3:561:2117,2026-03-27T02:37:40,303.36,100.0,-77.0,60.5,-77.0,226.36,225.31,100.0,True,
2026-03-27T07:00:00,4,RR1.00:4-5:532:2068,2026-03-27T04:11:40,225.31,100.0,-24.0,97.5,92.0,201.31,316.26,100.0,True,
2026-03-27T07:00:00,30,RR1.00:4-5:532:2068,2026-03-27T04:11:40,225.31,100.0,-24.0,97.5,92.0,201.31,316.26,100.0,True,
2026-03-27T07:00:00,31,RR1.00:4-5:532:2068,2026-03-27T04:11:40,225.31,100.0,-24.0,97.5,92.0,201.31,316.26,100.0,True,
2026-03-27T07:00:00,32,RR1.00:4-5:532:2068,2026-03-27T04:11:40,225.31,100.0,-24.0,97.5,92.0,201.31,316.26,100.0,True,
2026-03-27T07:00:00,33,RR1.00:4-5:532:2068,2026-03-27T04:11:40,225.31,100.0,-24.0,97.5,92.0,201.31,316.26,100.0,True,
2026-03-27T07:00:00,34,RR1.00:4-5:532:2068,2026-03-27T04:11:40,225.31,100.0,-24.0,97.5,92.0,201.31,316.26,100.0,True,
2026-03-27T07:00:00,35,RR1.00:4-5:532:2068,2026-03-27T04:11:40,225.31,100.0,-24.0,97.5,92.0,201.31,316.26,100.0,True,
2026-03-27T07:00:00,36,RR1.00:4-5:532:2068,2026-03-27T04:11:40,225.31,100.0,-24.0,97.5,92.0,201.31,316.26,100.0,True,
2026-03-27T07:00:00,37,RR1.00:4-5:532:2068,2026-03-27T04:11:40,225.31,100.0,-24.0,97.5,92.0,201.31,316.26,100.0,True,
2026-03-27T07:00:00,38,RR1.00:4-5:532:2068,2026-03-27T04:11:40,225.31,100.0,-24.0,97.5,92.0,201.31,316.26,100.0,True,
2026-03-27T07:00:00,39,RR1.00:4-5:532:2068,2026-03-27T04:11:40,225.31,100.0,-24.0,97.5,92.0,201.31,316.26,100.0,True,
2026-03-27T07:00:00,40,RR1.00:4-5:532:2068,2026-03-27T04:11:40,225.31,100.0,-24.0,97.5,92.0,201.31,316.26,100.0,True,
2026-03-27T07:00:00,41,RR1.00:4-5:532:2068,2026-03-27T04:11:40,225.31,100.0,-24.0,97.5,92.0,201.31,316.26,100.0,True,
2026-03-27T07:00:00,42,RR1.00:4-5:532:2068,2026-03-27T04:11:40,225.31,100.0,-24.0,97.5,92.0,201.31,316.26,100.0,True,
2026-03-27T07:00:00,43,RR1.00:4-5:532:2068,2026-03-27T04:11:40,225.31,100.0,-24.0,97.5,92.0,201.31,316.26,100.0,True,
2026-03-27T07:00:00,44,RR1.00:4-5:532:2068,2026-03-27T04:11:40,225.31,100.0,-24.0,97.5,92.0,201.31,316.26,100.0,True,
2026-03-27T07:00:00,48,RR1.00:4-5:532:2068,2026-03-27T04:11:40,225.31,100.0,-24.0,97.5,92.0,201.31,316.26,100.0,True,
2026-03-27T07:00:00,49,RR1.00:4-5:532:2068,2026-03-27T04:11:40,225.31,100.0,-24.0,97.5,92.0,201.31,316.26,100.0,True,
2026-03-27T07:00:00,55,RR1.00:4-5:532:2068,2026-03-27T04:11:40,225.31,100.0,-24.0,97.5,92.0,201.31,316.26,100.0,True,
2026-03-27T07:00:00,56,RR1.00:4-5:532:2068,2026-03-27T04:11:40,225.31,100.0,-24.0,97.5,92.0,201.31,316.26,100.0,True,
2026-03-27T08:00:00,4,RR1.00:6-7:539:2065,2026-03-27T06:35:40,316.26,100.0,-2.5,105.0,97.0,313.76,412.21,100.0,True,
2026-03-27T08:00:00,30,RR1.00:6-7:539:2065,2026-03-27T06:35:40,316.26,100.0,-2.5,105.0,97.0,313.76,412.21,100.0,True,
2026-03-27T08:00:00,31,RR1.00:6-7:539:2065,2026-03-27T06:35:40,316.26,100.0,-2.5,105.0,97.0,313.76,412.21,100.0,True,
2026-03-27T08:00:00,32,RR1.00:6-7:539:2065,2026-03-27T06:35:40,316.26,100.0,-2.5,105.0,97.0,313.76,412.21,100.0,True,
2026-03-27T08:00:00,33,RR1.00:6-7:539:2065,2026-03-27T06:35:40,316.26,100.0,-2.5,105.0,97.0,313.76,412.21,100.0,True,
2026-03-27T08:00:00,34,RR1.00:6-7:539:2065,2026-03-27T06:35:40,316.26,100.0,-2.5,105.0,97.0,313.76,412.21,100.0,True,
2026-03-27T08:00:00,35,RR1.00:6-7:539:2065,2026-03-27T06:35:40,316.26,100.0,-2.5,105.0,97.0,313.76,412.21,100.0,True,
2026-03-27T08:00:00,36,RR1.00:6-7:539:2065,2026-03-27T06:35:40,316.26,100.0,-2.5,105.0,97.0,313.76,412.21,100.0,True,
2026-03-27T08:00:00,37,RR1.00:6-7:539:2065,2026-03-27T06:35:40,316.26,100.0,-2.5,105.0,97.0,313.76,412.21,100.0,True,
2026-03-27T08:00:00,38,RR1.00:6-7:539:2065,2026-03-27T06:35:40,316.26,100.0,-2.5,105.0,97.0,313.76,412.21,100.0,True,
2026-03-27T08:00:00,39,RR1.00:6-7:539:2065,2026-03-27T06:35:40,316.26,100.0,-2.5,105.0,97.0,313.76,412.21,100.0,True,
2026-03-27T08:00:00,40,RR1.00:6-7:539:2065,2026-03-27T06:35:40,316.26,100.0,-2.5,105.0,97.0,313.76,412.21,100.0,True,
2026-03-27T08:00:00,41,RR1.00:6-7:539:2065,2026-03-27T06:35:40,316.26,100.0,-2.5,105.0,97.0,313.76,412.21,100.0,True,
2026-03-27T08:00:00,42,RR1.00:6-7:539:2065,2026-03-27T06:35:40,316.26,100.0,-2.5,105.0,97.0,313.76,412.21,100.0,True,
2026-03-27T08:00:00,43,RR1.00:6-7:539:2065,2026-03-27T06:35:40,316.26,100.0,-2.5,105.0,97.0,313.76,412.21,100.0,True,
2026-03-27T08:00:00,44,RR1.00:6-7:539:2065,2026-03-27T06:35:40,316.26,100.0,-2.5,105.0,97.0,313.76,412.21,100.0,True,
2026-03-27T08:00:00,48,RR1.00:6-7:539:2065,2026-03-27T06:35:40,316.26,100.0,-2.5,105.0,97.0,313.76,412.21,100.0,True,
2026-03-27T08:00:00,49,RR1.00:6-7:539:2065,2026-03-27T06:35:40,316.26,100.0,-2.5,105.0,97.0,313.76,412.21,100.0,True,
2026-03-27T08:00:00,55,RR1.00:6-7:539:2065,2026-03-27T06:35:40,316.26,100.0,-2.5,105.0,97.0,313.76,412.21,100.0,True,
2026-03-27T08:00:00,56,RR1.00:6-7:539:2065,2026-03-27T06:35:40,316.26,100.0,-2.5,105.0,97.0,313.76,412.21,100.0,True,
2026-03-27T08:30:00,4,RR1.00:7-8:599:2167,2026-03-27T07:34:40,412.21,100.0,-11.0,145.0,76.0,401.21,487.16,100.0,True,
2026-03-27T08:30:00,30,RR1.00:7-8:599:2167,2026-03-27T07:34:40,412.21,100.0,-11.0,145.0,76.0,401.21,487.16,100.0,True,
2026-03-27T08:30:00,31,RR1.00:7-8:599:2167,2026-03-27T07:34:40,412.21,100.0,-11.0,145.0,76.0,401.21,487.16,100.0,True,
2026-03-27T08:30:00,32,RR1.00:7-8:599:2167,2026-03-27T07:34:40,412.21,100.0,-11.0,145.0,76.0,401.21,487.16,100.0,True,
2026-03-27T08:30:00,33,RR1.00:7-8:599:2167,2026-03-27T07:34:40,412.21,100.0,-11.0,145.0,76.0,401.21,487.16,100.0,True,
2026-03-27T08:30:00,34,RR1.00:7-8:599:2167,2026-03-27T07:34:40,412.21,100.0,-11.0,145.0,76.0,401.21,487.16,100.0,True,
2026-03-27T08:30:00,35,RR1.00:7-8:599:2167,2026-03-27T07:34:40,412.21,100.0,-11.0,145.0,76.0,401.21,487.16,100.0,True,
2026-03-27T08:30:00,36,RR1.00:7-8:599:2167,2026-03-27T07:34:40,412.21,100.0,-11.0,145.0,76.0,401.21,487.16,100.0,True,
2026-03-27T08:30:00,37,RR1.00:7-8:599:2167,2026-03-27T07:34:40,412.21,100.0,-11.0,145.0,76.0,401.21,487.16,100.0,True,
2026-03-27T08:30:00,38,RR1.00:7-8:599:2167,2026-03-27T07:34:40,412.21,100.0,-11.0,145.0,76.0,401.21,487.16,100.0,True,
2026-03-27T08:30:00,39,RR1.00:7-8:599:2167,2026-03-27T07:34:40,412.21,100.0,-11.0,145.0,76.0,401.21,487.16,100.0,True,
2026-03-27T08:30:00,40,RR1.00:7-8:599:2167,2026-03-27T07:34:40,412.21,100.0,-11.0,145.0,76.0,401.21,487.16,100.0,True,
2026-03-27T08:30:00,41,RR1.00:7-8:599:2167,2026-03-27T07:34:40,412.21,100.0,-11.0,145.0,76.0,401.21,487.16,100.0,True,
2026-03-27T08:30:00,42,RR1.00:7-8:599:2167,2026-03-27T07:34:40,412.21,100.0,-11.0,145.0,76.0,401.21,487.16,100.0,True,
2026-03-27T08:30:00,43,RR1.00:7-8:599:2167,2026-03-27T07:34:40,412.21,100.0,-11.0,145.0,76.0,401.21,487.16,100.0,True,
2026-03-27T08:30:00,44,RR1.00:7-8:599:2167,2026-03-27T07:34:40,412.21,100.0,-11.0,145.0,76.0,401.21,487.16,100.0,True,
2026-03-27T08:30:00,48,RR1.00:7-8:599:2167,2026-03-27T07:34:40,412.21,100.0,-11.0,145.0,76.0,401.21,487.16,100.0,True,
2026-03-27T08:30:00,49,RR1.00:7-8:599:2167,2026-03-27T07:34:40,412.21,100.0,-11.0,145.0,76.0,401.21,487.16,100.0,True,
2026-03-27T08:30:00,55,RR1.00:7-8:599:2167,2026-03-27T07:34:40,412.21,100.0,-11.0,145.0,76.0,401.21,487.16,100.0,True,
2026-03-27T08:30:00,56,RR1.00:7-8:599:2167,2026-03-27T07:34:40,412.21,100.0,-11.0,145.0,76.0,401.21,487.16,100.0,True,
2026-03-27T09:32:40,4,RR1.00:9-10:561:2070,2026-03-27T09:16:40,487.16,100.0,-45.5,16.5,-45.5,441.66,440.61,100.0,True,
2026-03-27T09:32:40,30,RR1.00:9-10:561:2070,2026-03-27T09:16:40,487.16,100.0,-45.5,16.5,-45.5,441.66,440.61,100.0,True,
2026-03-27T09:32:40,31,RR1.00:9-10:561:2070,2026-03-27T09:16:40,487.16,100.0,-45.5,16.5,-45.5,441.66,440.61,100.0,True,
2026-03-27T09:32:40,32,RR1.00:9-10:561:2070,2026-03-27T09:16:40,487.16,100.0,-45.5,16.5,-45.5,441.66,440.61,100.0,True,
2026-03-27T09:32:40,33,RR1.00:9-10:561:2070,2026-03-27T09:16:40,487.16,100.0,-45.5,16.5,-45.5,441.66,440.61,100.0,True,
2026-03-27T09:32:40,34,RR1.00:9-10:561:2070,2026-03-27T09:16:40,487.16,100.0,-45.5,16.5,-45.5,441.66,440.61,100.0,True,
2026-03-27T09:32:40,35,RR1.00:9-10:561:2070,2026-03-27T09:16:40,487.16,100.0,-45.5,16.5,-45.5,441.66,440.61,100.0,True,
2026-03-27T09:32:40,36,RR1.00:9-10:561:2070,2026-03-27T09:16:40,487.16,100.0,-45.5,16.5,-45.5,441.66,440.61,100.0,True,
2026-03-27T09:32:40,37,RR1.00:9-10:561:2070,2026-03-27T09:16:40,487.16,100.0,-45.5,16.5,-45.5,441.66,440.61,100.0,True,
2026-03-27T09:32:40,38,RR1.00:9-10:561:2070,2026-03-27T09:16:40,487.16,100.0,-45.5,16.5,-45.5,441.66,440.61,100.0,True,
2026-03-27T09:32:40,39,RR1.00:9-10:561:2070,2026-03-27T09:16:40,487.16,100.0,-45.5,16.5,-45.5,441.66,440.61,100.0,True,
2026-03-27T09:32:40,40,RR1.00:9-10:561:2070,2026-03-27T09:16:40,487.16,100.0,-45.5,16.5,-45.5,441.66,440.61,100.0,True,
2026-03-27T09:32:40,41,RR1.00:9-10:561:2070,2026-03-27T09:16:40,487.16,100.0,-45.5,16.5,-45.5,441.66,440.61,100.0,True,
2026-03-27T09:32:40,42,RR1.00:9-10:561:2070,2026-03-27T09:16:40,487.16,100.0,-45.5,16.5,-45.5,441.66,440.61,100.0,True,
2026-03-27T09:32:40,43,RR1.00:9-10:561:2070,2026-03-27T09:16:40,487.16,100.0,-45.5,16.5,-45.5,441.66,440.61,100.0,True,
2026-03-27T09:32:40,44,RR1.00:9-10:561:2070,2026-03-27T09:16:40,487.16,100.0,-45.5,16.5,-45.5,441.66,440.61,100.0,True,
2026-03-27T09:32:40,48,RR1.00:9-10:561:2070,2026-03-27T09:16:40,487.16,100.0,-45.5,16.5,-45.5,441.66,440.61,100.0,True,
2026-03-27T09:32:40,49,RR1.00:9-10:561:2070,2026-03-27T09:16:40,487.16,100.0,-45.5,16.5,-45.5,441.66,440.61,100.0,True,
2026-03-27T09:32:40,55,RR1.00:9-10:561:2070,2026-03-27T09:16:40,487.16,100.0,-45.5,16.5,-45.5,441.66,440.61,100.0,True,
2026-03-27T09:32:40,56,RR1.00:9-10:561:2070,2026-03-27T09:16:40,487.16,100.0,-45.5,16.5,-45.5,441.66,440.61,100.0,True,
2026-03-27T16:32:40,4,RR1.00:16-17:853:2436,2026-03-27T16:25:40,440.61,100.0,-116.0,19.0,-116.0,324.61,323.56,100.0,True,
2026-03-27T16:32:40,30,RR1.00:16-17:853:2436,2026-03-27T16:25:40,440.61,100.0,-116.0,19.0,-116.0,324.61,323.56,100.0,True,
2026-03-27T16:32:40,31,RR1.00:16-17:853:2436,2026-03-27T16:25:40,440.61,100.0,-116.0,19.0,-116.0,324.61,323.56,100.0,True,
2026-03-27T16:32:40,32,RR1.00:16-17:853:2436,2026-03-27T16:25:40,440.61,100.0,-116.0,19.0,-116.0,324.61,323.56,100.0,True,
2026-03-27T16:32:40,33,RR1.00:16-17:853:2436,2026-03-27T16:25:40,440.61,100.0,-116.0,19.0,-116.0,324.61,323.56,100.0,True,
2026-03-27T16:32:40,34,RR1.00:16-17:853:2436,2026-03-27T16:25:40,440.61,100.0,-116.0,19.0,-116.0,324.61,323.56,100.0,True,
2026-03-27T16:32:40,35,RR1.00:16-17:853:2436,2026-03-27T16:25:40,440.61,100.0,-116.0,19.0,-116.0,324.61,323.56,100.0,True,
2026-03-27T16:32:40,36,RR1.00:16-17:853:2436,2026-03-27T16:25:40,440.61,100.0,-116.0,19.0,-116.0,324.61,323.56,100.0,True,
2026-03-27T16:32:40,37,RR1.00:16-17:853:2436,2026-03-27T16:25:40,440.61,100.0,-116.0,19.0,-116.0,324.61,323.56,100.0,True,
2026-03-27T16:32:40,38,RR1.00:16-17:853:2436,2026-03-27T16:25:40,440.61,100.0,-116.0,19.0,-116.0,324.61,323.56,100.0,True,
2026-03-27T16:32:40,39,RR1.00:16-17:853:2436,2026-03-27T16:25:40,440.61,100.0,-116.0,19.0,-116.0,324.61,323.56,100.0,True,
2026-03-27T16:32:40,40,RR1.00:16-17:853:2436,2026-03-27T16:25:40,440.61,100.0,-116.0,19.0,-116.0,324.61,323.56,100.0,True,
2026-03-27T16:32:40,41,RR1.00:16-17:853:2436,2026-03-27T16:25:40,440.61,100.0,-116.0,19.0,-116.0,324.61,323.56,100.0,True,
2026-03-27T16:32:40,42,RR1.00:16-17:853:2436,2026-03-27T16:25:40,440.61,100.0,-116.0,19.0,-116.0,324.61,323.56,100.0,True,
2026-03-27T16:32:40,43,RR1.00:16-17:853:2436,2026-03-27T16:25:40,440.61,100.0,-116.0,19.0,-116.0,324.61,323.56,100.0,True,
2026-03-27T16:32:40,44,RR1.00:16-17:853:2436,2026-03-27T16:25:40,440.61,100.0,-116.0,19.0,-116.0,324.61,323.56,100.0,True,
2026-03-27T16:32:40,48,RR1.00:16-17:853:2436,2026-03-27T16:25:40,440.61,100.0,-116.0,19.0,-116.0,324.61,323.56,100.0,True,
2026-03-27T16:32:40,49,RR1.00:16-17:853:2436,2026-03-27T16:25:40,440.61,100.0,-116.0,19.0,-116.0,324.61,323.56,100.0,True,
2026-03-27T16:32:40,55,RR1.00:16-17:853:2436,2026-03-27T16:25:40,440.61,100.0,-116.0,19.0,-116.0,324.61,323.56,100.0,True,
2026-03-27T16:32:40,56,RR1.00:16-17:853:2436,2026-03-27T16:25:40,440.61,100.0,-116.0,19.0,-116.0,324.61,323.56,100.0,True,
2026-03-27T20:17:40,4,RR1.00:20-21:518:1923,2026-03-27T20:07:20,323.56,100.0,-141.0,27.5,-141.0,182.56,181.51,100.0,True,
2026-03-27T20:17:40,30,RR1.00:20-21:518:1923,2026-03-27T20:07:20,323.56,100.0,-141.0,27.5,-141.0,182.56,181.51,100.0,True,
2026-03-27T20:17:40,31,RR1.00:20-21:518:1923,2026-03-27T20:07:20,323.56,100.0,-141.0,27.5,-141.0,182.56,181.51,100.0,True,
2026-03-27T20:17:40,32,RR1.00:20-21:518:1923,2026-03-27T20:07:20,323.56,100.0,-141.0,27.5,-141.0,182.56,181.51,100.0,True,
2026-03-27T20:17:40,33,RR1.00:20-21:518:1923,2026-03-27T20:07:20,323.56,100.0,-141.0,27.5,-141.0,182.56,181.51,100.0,True,
2026-03-27T20:17:40,34,RR1.00:20-21:518:1923,2026-03-27T20:07:20,323.56,100.0,-141.0,27.5,-141.0,182.56,181.51,100.0,True,
2026-03-27T20:17:40,35,RR1.00:20-21:518:1923,2026-03-27T20:07:20,323.56,100.0,-141.0,27.5,-141.0,182.56,181.51,100.0,True,
2026-03-27T20:17:40,36,RR1.00:20-21:518:1923,2026-03-27T20:07:20,323.56,100.0,-141.0,27.5,-141.0,182.56,181.51,100.0,True,
2026-03-27T20:17:40,37,RR1.00:20-21:518:1923,2026-03-27T20:07:20,323.56,100.0,-141.0,27.5,-141.0,182.56,181.51,100.0,True,
2026-03-27T20:17:40,38,RR1.00:20-21:518:1923,2026-03-27T20:07:20,323.56,100.0,-141.0,27.5,-141.0,182.56,181.51,100.0,True,
2026-03-27T20:17:40,39,RR1.00:20-21:518:1923,2026-03-27T20:07:20,323.56,100.0,-141.0,27.5,-141.0,182.56,181.51,100.0,True,
2026-03-27T20:17:40,40,RR1.00:20-21:518:1923,2026-03-27T20:07:20,323.56,100.0,-141.0,27.5,-141.0,182.56,181.51,100.0,True,
2026-03-27T20:17:40,41,RR1.00:20-21:518:1923,2026-03-27T20:07:20,323.56,100.0,-141.0,27.5,-141.0,182.56,181.51,100.0,True,
2026-03-27T20:17:40,42,RR1.00:20-21:518:1923,2026-03-27T20:07:20,323.56,100.0,-141.0,27.5,-141.0,182.56,181.51,100.0,True,
2026-03-27T20:17:40,43,RR1.00:20-21:518:1923,2026-03-27T20:07:20,323.56,100.0,-141.0,27.5,-141.0,182.56,181.51,100.0,True,
2026-03-27T20:17:40,44,RR1.00:20-21:518:1923,2026-03-27T20:07:20,323.56,100.0,-141.0,27.5,-141.0,182.56,181.51,100.0,True,
2026-03-27T20:17:40,48,RR1.00:20-21:518:1923,2026-03-27T20:07:20,323.56,100.0,-141.0,27.5,-141.0,182.56,181.51,100.0,True,
2026-03-27T20:17:40,49,RR1.00:20-21:518:1923,2026-03-27T20:07:20,323.56,100.0,-141.0,27.5,-141.0,182.56,181.51,100.0,True,
2026-03-27T20:17:40,55,RR1.00:20-21:518:1923,2026-03-27T20:07:20,323.56,100.0,-141.0,27.5,-141.0,182.56,181.51,100.0,True,
2026-03-27T20:17:40,56,RR1.00:20-21:518:1923,2026-03-27T20:07:20,323.56,100.0,-141.0,27.5,-141.0,182.56,181.51,100.0,True,
2026-03-30T06:00:00,4,RR1.00:3-4:558:2084,2026-03-30T03:17:40,181.51,100.0,-81.5,211.0,165.5,100.01,345.96,100.0,True,
2026-03-30T06:00:00,30,RR1.00:3-4:558:2084,2026-03-30T03:17:40,181.51,100.0,-81.5,211.0,165.5,100.01,345.96,100.0,True,
2026-03-30T06:00:00,31,RR1.00:3-4:558:2084,2026-03-30T03:17:40,181.51,100.0,-81.5,211.0,165.5,100.01,345.96,100.0,True,
2026-03-30T06:00:00,32,RR1.00:3-4:558:2084,2026-03-30T03:17:40,181.51,100.0,-81.5,211.0,165.5,100.01,345.96,100.0,True,
2026-03-30T06:00:00,33,RR1.00:3-4:558:2084,2026-03-30T03:17:40,181.51,100.0,-81.5,211.0,165.5,100.01,345.96,100.0,True,
2026-03-30T06:00:00,34,RR1.00:3-4:558:2084,2026-03-30T03:17:40,181.51,100.0,-81.5,211.0,165.5,100.01,345.96,100.0,True,
2026-03-30T06:00:00,35,RR1.00:3-4:558:2084,2026-03-30T03:17:40,181.51,100.0,-81.5,211.0,165.5,100.01,345.96,100.0,True,
2026-03-30T06:00:00,36,RR1.00:3-4:558:2084,2026-03-30T03:17:40,181.51,100.0,-81.5,211.0,165.5,100.01,345.96,100.0,True,
2026-03-30T06:00:00,37,RR1.00:3-4:558:2084,2026-03-30T03:17:40,181.51,100.0,-81.5,211.0,165.5,100.01,345.96,100.0,True,
2026-03-30T06:00:00,38,RR1.00:3-4:558:2084,2026-03-30T03:17:40,181.51,100.0,-81.5,211.0,165.5,100.01,345.96,100.0,True,
2026-03-30T06:00:00,39,RR1.00:3-4:558:2084,2026-03-30T03:17:40,181.51,100.0,-81.5,211.0,165.5,100.01,345.96,100.0,True,
2026-03-30T06:00:00,40,RR1.00:3-4:558:2084,2026-03-30T03:17:40,181.51,100.0,-81.5,211.0,165.5,100.01,345.96,100.0,True,
2026-03-30T06:00:00,41,RR1.00:3-4:558:2084,2026-03-30T03:17:40,181.51,100.0,-81.5,211.0,165.5,100.01,345.96,100.0,True,
2026-03-30T06:00:00,42,RR1.00:3-4:558:2084,2026-03-30T03:17:40,181.51,100.0,-81.5,211.0,165.5,100.01,345.96,100.0,True,
2026-03-30T06:00:00,43,RR1.00:3-4:558:2084,2026-03-30T03:17:40,181.51,100.0,-81.5,211.0,165.5,100.01,345.96,100.0,True,
2026-03-30T06:00:00,44,RR1.00:3-4:558:2084,2026-03-30T03:17:40,181.51,100.0,-81.5,211.0,165.5,100.01,345.96,100.0,True,
2026-03-30T06:00:00,48,RR1.00:3-4:558:2084,2026-03-30T03:17:40,181.51,100.0,-81.5,211.0,165.5,100.01,345.96,100.0,True,
2026-03-30T06:00:00,49,RR1.00:3-4:558:2084,2026-03-30T03:17:40,181.51,100.0,-81.5,211.0,165.5,100.01,345.96,100.0,True,
2026-03-30T06:00:00,55,RR1.00:3-4:558:2084,2026-03-30T03:17:40,181.51,100.0,-81.5,211.0,165.5,100.01,345.96,100.0,True,
2026-03-30T06:00:00,56,RR1.00:3-4:558:2084,2026-03-30T03:17:40,181.51,100.0,-81.5,211.0,165.5,100.01,345.96,100.0,True,
2026-03-30T06:30:00,4,RR1.00:5-6:431:1927,2026-03-30T05:42:40,345.96,100.0,-4.0,147.5,121.5,341.96,466.41,100.0,True,
2026-03-30T06:30:00,30,RR1.00:5-6:431:1927,2026-03-30T05:42:40,345.96,100.0,-4.0,147.5,121.5,341.96,466.41,100.0,True,
2026-03-30T06:30:00,31,RR1.00:5-6:431:1927,2026-03-30T05:42:40,345.96,100.0,-4.0,147.5,121.5,341.96,466.41,100.0,True,
2026-03-30T06:30:00,32,RR1.00:5-6:431:1927,2026-03-30T05:42:40,345.96,100.0,-4.0,147.5,121.5,341.96,466.41,100.0,True,
2026-03-30T06:30:00,33,RR1.00:5-6:431:1927,2026-03-30T05:42:40,345.96,100.0,-4.0,147.5,121.5,341.96,466.41,100.0,True,
2026-03-30T06:30:00,34,RR1.00:5-6:431:1927,2026-03-30T05:42:40,345.96,100.0,-4.0,147.5,121.5,341.96,466.41,100.0,True,
2026-03-30T06:30:00,35,RR1.00:5-6:431:1927,2026-03-30T05:42:40,345.96,100.0,-4.0,147.5,121.5,341.96,466.41,100.0,True,
2026-03-30T06:30:00,36,RR1.00:5-6:431:1927,2026-03-30T05:42:40,345.96,100.0,-4.0,147.5,121.5,341.96,466.41,100.0,True,
2026-03-30T06:30:00,37,RR1.00:5-6:431:1927,2026-03-30T05:42:40,345.96,100.0,-4.0,147.5,121.5,341.96,466.41,100.0,True,
2026-03-30T06:30:00,38,RR1.00:5-6:431:1927,2026-03-30T05:42:40,345.96,100.0,-4.0,147.5,121.5,341.96,466.41,100.0,True,
2026-03-30T06:30:00,39,RR1.00:5-6:431:1927,2026-03-30T05:42:40,345.96,100.0,-4.0,147.5,121.5,341.96,466.41,100.0,True,
2026-03-30T06:30:00,40,RR1.00:5-6:431:1927,2026-03-30T05:42:40,345.96,100.0,-4.0,147.5,121.5,341.96,466.41,100.0,True,
2026-03-30T06:30:00,41,RR1.00:5-6:431:1927,2026-03-30T05:42:40,345.96,100.0,-4.0,147.5,121.5,341.96,466.41,100.0,True,
2026-03-30T06:30:00,42,RR1.00:5-6:431:1927,2026-03-30T05:42:40,345.96,100.0,-4.0,147.5,121.5,341.96,466.41,100.0,True,
2026-03-30T06:30:00,43,RR1.00:5-6:431:1927,2026-03-30T05:42:40,345.96,100.0,-4.0,147.5,121.5,341.96,466.41,100.0,True,
2026-03-30T06:30:00,44,RR1.00:5-6:431:1927,2026-03-30T05:42:40,345.96,100.0,-4.0,147.5,121.5,341.96,466.41,100.0,True,
2026-03-30T06:30:00,48,RR1.00:5-6:431:1927,2026-03-30T05:42:40,345.96,100.0,-4.0,147.5,121.5,341.96,466.41,100.0,True,
2026-03-30T06:30:00,49,RR1.00:5-6:431:1927,2026-03-30T05:42:40,345.96,100.0,-4.0,147.5,121.5,341.96,466.41,100.0,True,
2026-03-30T06:30:00,55,RR1.00:5-6:431:1927,2026-03-30T05:42:40,345.96,100.0,-4.0,147.5,121.5,341.96,466.41,100.0,True,
2026-03-30T06:30:00,56,RR1.00:5-6:431:1927,2026-03-30T05:42:40,345.96,100.0,-4.0,147.5,121.5,341.96,466.41,100.0,True,
2026-03-30T11:30:00,4,RR1.00:8-9:603:2148,2026-03-30T08:10:40,466.41,100.0,-79.5,145.0,128.5,386.91,593.86,100.0,True,
2026-03-30T11:30:00,30,RR1.00:8-9:603:2148,2026-03-30T08:10:40,466.41,100.0,-79.5,145.0,128.5,386.91,593.86,100.0,True,
2026-03-30T11:30:00,31,RR1.00:8-9:603:2148,2026-03-30T08:10:40,466.41,100.0,-79.5,145.0,128.5,386.91,593.86,100.0,True,
2026-03-30T11:30:00,32,RR1.00:8-9:603:2148,2026-03-30T08:10:40,466.41,100.0,-79.5,145.0,128.5,386.91,593.86,100.0,True,
2026-03-30T11:30:00,33,RR1.00:8-9:603:2148,2026-03-30T08:10:40,466.41,100.0,-79.5,145.0,128.5,386.91,593.86,100.0,True,
2026-03-30T11:30:00,34,RR1.00:8-9:603:2148,2026-03-30T08:10:40,466.41,100.0,-79.5,145.0,128.5,386.91,593.86,100.0,True,
2026-03-30T11:30:00,35,RR1.00:8-9:603:2148,2026-03-30T08:10:40,466.41,100.0,-79.5,145.0,128.5,386.91,593.86,100.0,True,
2026-03-30T11:30:00,36,RR1.00:8-9:603:2148,2026-03-30T08:10:40,466.41,100.0,-79.5,145.0,128.5,386.91,593.86,100.0,True,
2026-03-30T11:30:00,37,RR1.00:8-9:603:2148,2026-03-30T08:10:40,466.41,100.0,-79.5,145.0,128.5,386.91,593.86,100.0,True,
2026-03-30T11:30:00,38,RR1.00:8-9:603:2148,2026-03-30T08:10:40,466.41,100.0,-79.5,145.0,128.5,386.91,593.86,100.0,True,
2026-03-30T11:30:00,39,RR1.00:8-9:603:2148,2026-03-30T08:10:40,466.41,100.0,-79.5,145.0,128.5,386.91,593.86,100.0,True,
2026-03-30T11:30:00,40,RR1.00:8-9:603:2148,2026-03-30T08:10:40,466.41,100.0,-79.5,145.0,128.5,386.91,593.86,100.0,True,
2026-03-30T11:30:00,41,RR1.00:8-9:603:2148,2026-03-30T08:10:40,466.41,100.0,-79.5,145.0,128.5,386.91,593.86,100.0,True,
2026-03-30T11:30:00,42,RR1.00:8-9:603:2148,2026-03-30T08:10:40,466.41,100.0,-79.5,145.0,128.5,386.91,593.86,100.0,True,
2026-03-30T11:30:00,43,RR1.00:8-9:603:2148,2026-03-30T08:10:40,466.41,100.0,-79.5,145.0,128.5,386.91,593.86,100.0,True,
2026-03-30T11:30:00,44,RR1.00:8-9:603:2148,2026-03-30T08:10:40,466.41,100.0,-79.5,145.0,128.5,386.91,593.86,100.0,True,
2026-03-30T11:30:00,48,RR1.00:8-9:603:2148,2026-03-30T08:10:40,466.41,100.0,-79.5,145.0,128.5,386.91,593.86,100.0,True,
2026-03-30T11:30:00,49,RR1.00:8-9:603:2148,2026-03-30T08:10:40,466.41,100.0,-79.5,145.0,128.5,386.91,593.86,100.0,True,
2026-03-30T11:30:00,55,RR1.00:8-9:603:2148,2026-03-30T08:10:40,466.41,100.0,-79.5,145.0,128.5,386.91,593.86,100.0,True,
2026-03-30T11:30:00,56,RR1.00:8-9:603:2148,2026-03-30T08:10:40,466.41,100.0,-79.5,145.0,128.5,386.91,593.86,100.0,True,
2026-03-30T14:30:00,4,RR1.00:10-11:590:2143,2026-03-30T10:51:40,593.86,100.0,-62.5,350.0,165.5,531.36,758.31,100.0,True,
2026-03-30T14:30:00,30,RR1.00:10-11:590:2143,2026-03-30T10:51:40,593.86,100.0,-62.5,350.0,165.5,531.36,758.31,100.0,True,
2026-03-30T14:30:00,31,RR1.00:10-11:590:2143,2026-03-30T10:51:40,593.86,100.0,-62.5,350.0,165.5,531.36,758.31,100.0,True,
2026-03-30T14:30:00,32,RR1.00:10-11:590:2143,2026-03-30T10:51:40,593.86,100.0,-62.5,350.0,165.5,531.36,758.31,100.0,True,
2026-03-30T14:30:00,33,RR1.00:10-11:590:2143,2026-03-30T10:51:40,593.86,100.0,-62.5,350.0,165.5,531.36,758.31,100.0,True,
2026-03-30T14:30:00,34,RR1.00:10-11:590:2143,2026-03-30T10:51:40,593.86,100.0,-62.5,350.0,165.5,531.36,758.31,100.0,True,
2026-03-30T14:30:00,35,RR1.00:10-11:590:2143,2026-03-30T10:51:40,593.86,100.0,-62.5,350.0,165.5,531.36,758.31,100.0,True,
2026-03-30T14:30:00,36,RR1.00:10-11:590:2143,2026-03-30T10:51:40,593.86,100.0,-62.5,350.0,165.5,531.36,758.31,100.0,True,
2026-03-30T14:30:00,37,RR1.00:10-11:590:2143,2026-03-30T10:51:40,593.86,100.0,-62.5,350.0,165.5,531.36,758.31,100.0,True,
2026-03-30T14:30:00,38,RR1.00:10-11:590:2143,2026-03-30T10:51:40,593.86,100.0,-62.5,350.0,165.5,531.36,758.31,100.0,True,
2026-03-30T14:30:00,39,RR1.00:10-11:590:2143,2026-03-30T10:51:40,593.86,100.0,-62.5,350.0,165.5,531.36,758.31,100.0,True,
2026-03-30T14:30:00,40,RR1.00:10-11:590:2143,2026-03-30T10:51:40,593.86,100.0,-62.5,350.0,165.5,531.36,758.31,100.0,True,
2026-03-30T14:30:00,41,RR1.00:10-11:590:2143,2026-03-30T10:51:40,593.86,100.0,-62.5,350.0,165.5,531.36,758.31,100.0,True,
2026-03-30T14:30:00,42,RR1.00:10-11:590:2143,2026-03-30T10:51:40,593.86,100.0,-62.5,350.0,165.5,531.36,758.31,100.0,True,
2026-03-30T14:30:00,43,RR1.00:10-11:590:2143,2026-03-30T10:51:40,593.86,100.0,-62.5,350.0,165.5,531.36,758.31,100.0,True,
2026-03-30T14:30:00,44,RR1.00:10-11:590:2143,2026-03-30T10:51:40,593.86,100.0,-62.5,350.0,165.5,531.36,758.31,100.0,True,
2026-03-30T14:30:00,48,RR1.00:10-11:590:2143,2026-03-30T10:51:40,593.86,100.0,-62.5,350.0,165.5,531.36,758.31,100.0,True,
2026-03-30T14:30:00,49,RR1.00:10-11:590:2143,2026-03-30T10:51:40,593.86,100.0,-62.5,350.0,165.5,531.36,758.31,100.0,True,
2026-03-30T14:30:00,55,RR1.00:10-11:590:2143,2026-03-30T10:51:40,593.86,100.0,-62.5,350.0,165.5,531.36,758.31,100.0,True,
2026-03-30T14:30:00,56,RR1.00:10-11:590:2143,2026-03-30T10:51:40,593.86,100.0,-62.5,350.0,165.5,531.36,758.31,100.0,True,
2026-03-30T16:35:40,4,RR1.00:15-16:685:2248,2026-03-30T15:26:40,758.31,100.0,-115.5,64.5,-115.5,642.81,641.76,100.0,True,
2026-03-30T16:35:40,30,RR1.00:15-16:685:2248,2026-03-30T15:26:40,758.31,100.0,-115.5,64.5,-115.5,642.81,641.76,100.0,True,
2026-03-30T16:35:40,31,RR1.00:15-16:685:2248,2026-03-30T15:26:40,758.31,100.0,-115.5,64.5,-115.5,642.81,641.76,100.0,True,
2026-03-30T16:35:40,32,RR1.00:15-16:685:2248,2026-03-30T15:26:40,758.31,100.0,-115.5,64.5,-115.5,642.81,641.76,100.0,True,
2026-03-30T16:35:40,33,RR1.00:15-16:685:2248,2026-03-30T15:26:40,758.31,100.0,-115.5,64.5,-115.5,642.81,641.76,100.0,True,
2026-03-30T16:35:40,34,RR1.00:15-16:685:2248,2026-03-30T15:26:40,758.31,100.0,-115.5,64.5,-115.5,642.81,641.76,100.0,True,
2026-03-30T16:35:40,35,RR1.00:15-16:685:2248,2026-03-30T15:26:40,758.31,100.0,-115.5,64.5,-115.5,642.81,641.76,100.0,True,
2026-03-30T16:35:40,36,RR1.00:15-16:685:2248,2026-03-30T15:26:40,758.31,100.0,-115.5,64.5,-115.5,642.81,641.76,100.0,True,
2026-03-30T16:35:40,37,RR1.00:15-16:685:2248,2026-03-30T15:26:40,758.31,100.0,-115.5,64.5,-115.5,642.81,641.76,100.0,True,
2026-03-30T16:35:40,38,RR1.00:15-16:685:2248,2026-03-30T15:26:40,758.31,100.0,-115.5,64.5,-115.5,642.81,641.76,100.0,True,
2026-03-30T16:35:40,39,RR1.00:15-16:685:2248,2026-03-30T15:26:40,758.31,100.0,-115.5,64.5,-115.5,642.81,641.76,100.0,True,
2026-03-30T16:35:40,40,RR1.00:15-16:685:2248,2026-03-30T15:26:40,758.31,100.0,-115.5,64.5,-115.5,642.81,641.76,100.0,True,
2026-03-30T16:35:40,41,RR1.00:15-16:685:2248,2026-03-30T15:26:40,758.31,100.0,-115.5,64.5,-115.5,642.81,641.76,100.0,True,
2026-03-30T16:35:40,42,RR1.00:15-16:685:2248,2026-03-30T15:26:40,758.31,100.0,-115.5,64.5,-115.5,642.81,641.76,100.0,True,
2026-03-30T16:35:40,43,RR1.00:15-16:685:2248,2026-03-30T15:26:40,758.31,100.0,-115.5,64.5,-115.5,642.81,641.76,100.0,True,
2026-03-30T16:35:40,44,RR1.00:15-16:685:2248,2026-03-30T15:26:40,758.31,100.0,-115.5,64.5,-115.5,642.81,641.76,100.0,True,
2026-03-30T16:35:40,48,RR1.00:15-16:685:2248,2026-03-30T15:26:40,758.31,100.0,-115.5,64.5,-115.5,642.81,641.76,100.0,True,
2026-03-30T16:35:40,49,RR1.00:15-16:685:2248,2026-03-30T15:26:40,758.31,100.0,-115.5,64.5,-115.5,642.81,641.76,100.0,True,
2026-03-30T16:35:40,55,RR1.00:15-16:685:2248,2026-03-30T15:26:40,758.31,100.0,-115.5,64.5,-115.5,642.81,641.76,100.0,True,
2026-03-30T16:35:40,56,RR1.00:15-16:685:2248,2026-03-30T15:26:40,758.31,100.0,-115.5,64.5,-115.5,642.81,641.76,100.0,True,
2026-03-30T23:30:00,4,RR1.00:22-23:554:2015,2026-03-30T22:54:40,641.76,100.0,-78.0,69.0,-61.0,563.76,579.71,100.0,True,
2026-03-30T23:30:00,30,RR1.00:22-23:554:2015,2026-03-30T22:54:40,641.76,100.0,-78.0,69.0,-61.0,563.76,579.71,100.0,True,
2026-03-30T23:30:00,31,RR1.00:22-23:554:2015,2026-03-30T22:54:40,641.76,100.0,-78.0,69.0,-61.0,563.76,579.71,100.0,True,
2026-03-30T23:30:00,32,RR1.00:22-23:554:2015,2026-03-30T22:54:40,641.76,100.0,-78.0,69.0,-61.0,563.76,579.71,100.0,True,
2026-03-30T23:30:00,33,RR1.00:22-23:554:2015,2026-03-30T22:54:40,641.76,100.0,-78.0,69.0,-61.0,563.76,579.71,100.0,True,
2026-03-30T23:30:00,34,RR1.00:22-23:554:2015,2026-03-30T22:54:40,641.76,100.0,-78.0,69.0,-61.0,563.76,579.71,100.0,True,
2026-03-30T23:30:00,35,RR1.00:22-23:554:2015,2026-03-30T22:54:40,641.76,100.0,-78.0,69.0,-61.0,563.76,579.71,100.0,True,
2026-03-30T23:30:00,36,RR1.00:22-23:554:2015,2026-03-30T22:54:40,641.76,100.0,-78.0,69.0,-61.0,563.76,579.71,100.0,True,
2026-03-30T23:30:00,37,RR1.00:22-23:554:2015,2026-03-30T22:54:40,641.76,100.0,-78.0,69.0,-61.0,563.76,579.71,100.0,True,
2026-03-30T23:30:00,38,RR1.00:22-23:554:2015,2026-03-30T22:54:40,641.76,100.0,-78.0,69.0,-61.0,563.76,579.71,100.0,True,
2026-03-30T23:30:00,39,RR1.00:22-23:554:2015,2026-03-30T22:54:40,641.76,100.0,-78.0,69.0,-61.0,563.76,579.71,100.0,True,
2026-03-30T23:30:00,40,RR1.00:22-23:554:2015,2026-03-30T22:54:40,641.76,100.0,-78.0,69.0,-61.0,563.76,579.71,100.0,True,
2026-03-30T23:30:00,41,RR1.00:22-23:554:2015,2026-03-30T22:54:40,641.76,100.0,-78.0,69.0,-61.0,563.76,579.71,100.0,True,
2026-03-30T23:30:00,42,RR1.00:22-23:554:2015,2026-03-30T22:54:40,641.76,100.0,-78.0,69.0,-61.0,563.76,579.71,100.0,True,
2026-03-30T23:30:00,43,RR1.00:22-23:554:2015,2026-03-30T22:54:40,641.76,100.0,-78.0,69.0,-61.0,563.76,579.71,100.0,True,
2026-03-30T23:30:00,44,RR1.00:22-23:554:2015,2026-03-30T22:54:40,641.76,100.0,-78.0,69.0,-61.0,563.76,579.71,100.0,True,
2026-03-30T23:30:00,48,RR1.00:22-23:554:2015,2026-03-30T22:54:40,641.76,100.0,-78.0,69.0,-61.0,563.76,579.71,100.0,True,
2026-03-30T23:30:00,49,RR1.00:22-23:554:2015,2026-03-30T22:54:40,641.76,100.0,-78.0,69.0,-61.0,563.76,579.71,100.0,True,
2026-03-30T23:30:00,55,RR1.00:22-23:554:2015,2026-03-30T22:54:40,641.76,100.0,-78.0,69.0,-61.0,563.76,579.71,100.0,True,
2026-03-30T23:30:00,56,RR1.00:22-23:554:2015,2026-03-30T22:54:40,641.76,100.0,-78.0,69.0,-61.0,563.76,579.71,100.0,True,
2026-03-31T03:12:40,4,RR1.00:3-4:559:2086,2026-03-31T03:00:40,579.71,100.0,-75.5,47.0,-75.5,504.21,503.16,100.0,True,
2026-03-31T03:12:40,30,RR1.00:3-4:559:2086,2026-03-31T03:00:40,579.71,100.0,-75.5,47.0,-75.5,504.21,503.16,100.0,True,
2026-03-31T03:12:40,31,RR1.00:3-4:559:2086,2026-03-31T03:00:40,579.71,100.0,-75.5,47.0,-75.5,504.21,503.16,100.0,True,
2026-03-31T03:12:40,32,RR1.00:3-4:559:2086,2026-03-31T03:00:40,579.71,100.0,-75.5,47.0,-75.5,504.21,503.16,100.0,True,
2026-03-31T03:12:40,33,RR1.00:3-4:559:2086,2026-03-31T03:00:40,579.71,100.0,-75.5,47.0,-75.5,504.21,503.16,100.0,True,
2026-03-31T03:12:40,34,RR1.00:3-4:559:2086,2026-03-31T03:00:40,579.71,100.0,-75.5,47.0,-75.5,504.21,503.16,100.0,True,
2026-03-31T03:12:40,35,RR1.00:3-4:559:2086,2026-03-31T03:00:40,579.71,100.0,-75.5,47.0,-75.5,504.21,503.16,100.0,True,
2026-03-31T03:12:40,36,RR1.00:3-4:559:2086,2026-03-31T03:00:40,579.71,100.0,-75.5,47.0,-75.5,504.21,503.16,100.0,True,
2026-03-31T03:12:40,37,RR1.00:3-4:559:2086,2026-03-31T03:00:40,579.71,100.0,-75.5,47.0,-75.5,504.21,503.16,100.0,True,
2026-03-31T03:12:40,38,RR1.00:3-4:559:2086,2026-03-31T03:00:40,579.71,100.0,-75.5,47.0,-75.5,504.21,503.16,100.0,True,
2026-03-31T03:12:40,39,RR1.00:3-4:559:2086,2026-03-31T03:00:40,579.71,100.0,-75.5,47.0,-75.5,504.21,503.16,100.0,True,
2026-03-31T03:12:40,40,RR1.00:3-4:559:2086,2026-03-31T03:00:40,579.71,100.0,-75.5,47.0,-75.5,504.21,503.16,100.0,True,
2026-03-31T03:12:40,41,RR1.00:3-4:559:2086,2026-03-31T03:00:40,579.71,100.0,-75.5,47.0,-75.5,504.21,503.16,100.0,True,
2026-03-31T03:12:40,42,RR1.00:3-4:559:2086,2026-03-31T03:00:40,579.71,100.0,-75.5,47.0,-75.5,504.21,503.16,100.0,True,
2026-03-31T03:12:40,43,RR1.00:3-4:559:2086,2026-03-31T03:00:40,579.71,100.0,-75.5,47.0,-75.5,504.21,503.16,100.0,True,
2026-03-31T03:12:40,44,RR1.00:3-4:559:2086,2026-03-31T03:00:40,579.71,100.0,-75.5,47.0,-75.5,504.21,503.16,100.0,True,
2026-03-31T03:12:40,48,RR1.00:3-4:559:2086,2026-03-31T03:00:40,579.71,100.0,-75.5,47.0,-75.5,504.21,503.16,100.0,True,
2026-03-31T03:12:40,49,RR1.00:3-4:559:2086,2026-03-31T03:00:40,579.71,100.0,-75.5,47.0,-75.5,504.21,503.16,100.0,True,
2026-03-31T03:12:40,55,RR1.00:3-4:559:2086,2026-03-31T03:00:40,579.71,100.0,-75.5,47.0,-75.5,504.21,503.16,100.0,True,
2026-03-31T03:12:40,56,RR1.00:3-4:559:2086,2026-03-31T03:00:40,579.71,100.0,-75.5,47.0,-75.5,504.21,503.16,100.0,True,
2026-03-31T04:30:00,4,RR1.00:3-4:560:2088,2026-03-31T03:38:40,503.16,100.0,-66.0,487.0,462.5,437.16,964.61,100.0,True,
2026-03-31T04:30:00,30,RR1.00:3-4:560:2088,2026-03-31T03:38:40,503.16,100.0,-66.0,487.0,462.5,437.16,964.61,100.0,True,
2026-03-31T04:30:00,31,RR1.00:3-4:560:2088,2026-03-31T03:38:40,503.16,100.0,-66.0,487.0,462.5,437.16,964.61,100.0,True,
2026-03-31T04:30:00,32,RR1.00:3-4:560:2088,2026-03-31T03:38:40,503.16,100.0,-66.0,487.0,462.5,437.16,964.61,100.0,True,
2026-03-31T04:30:00,33,RR1.00:3-4:560:2088,2026-03-31T03:38:40,503.16,100.0,-66.0,487.0,462.5,437.16,964.61,100.0,True,
2026-03-31T04:30:00,34,RR1.00:3-4:560:2088,2026-03-31T03:38:40,503.16,100.0,-66.0,487.0,462.5,437.16,964.61,100.0,True,
2026-03-31T04:30:00,35,RR1.00:3-4:560:2088,2026-03-31T03:38:40,503.16,100.0,-66.0,487.0,462.5,437.16,964.61,100.0,True,
2026-03-31T04:30:00,36,RR1.00:3-4:560:2088,2026-03-31T03:38:40,503.16,100.0,-66.0,487.0,462.5,437.16,964.61,100.0,True,
2026-03-31T04:30:00,37,RR1.00:3-4:560:2088,2026-03-31T03:38:40,503.16,100.0,-66.0,487.0,462.5,437.16,964.61,100.0,True,
2026-03-31T04:30:00,38,RR1.00:3-4:560:2088,2026-03-31T03:38:40,503.16,100.0,-66.0,487.0,462.5,437.16,964.61,100.0,True,
2026-03-31T04:30:00,39,RR1.00:3-4:560:2088,2026-03-31T03:38:40,503.16,100.0,-66.0,487.0,462.5,437.16,964.61,100.0,True,
2026-03-31T04:30:00,40,RR1.00:3-4:560:2088,2026-03-31T03:38:40,503.16,100.0,-66.0,487.0,462.5,437.16,964.61,100.0,True,
2026-03-31T04:30:00,41,RR1.00:3-4:560:2088,2026-03-31T03:38:40,503.16,100.0,-66.0,487.0,462.5,437.16,964.61,100.0,True,
2026-03-31T04:30:00,42,RR1.00:3-4:560:2088,2026-03-31T03:38:40,503.16,100.0,-66.0,487.0,462.5,437.16,964.61,100.0,True,
2026-03-31T04:30:00,43,RR1.00:3-4:560:2088,2026-03-31T03:38:40,503.16,100.0,-66.0,487.0,462.5,437.16,964.61,100.0,True,
2026-03-31T04:30:00,44,RR1.00:3-4:560:2088,2026-03-31T03:38:40,503.16,100.0,-66.0,487.0,462.5,437.16,964.61,100.0,True,
2026-03-31T04:30:00,48,RR1.00:3-4:560:2088,2026-03-31T03:38:40,503.16,100.0,-66.0,487.0,462.5,437.16,964.61,100.0,True,
2026-03-31T04:30:00,49,RR1.00:3-4:560:2088,2026-03-31T03:38:40,503.16,100.0,-66.0,487.0,462.5,437.16,964.61,100.0,True,
2026-03-31T04:30:00,55,RR1.00:3-4:560:2088,2026-03-31T03:38:40,503.16,100.0,-66.0,487.0,462.5,437.16,964.61,100.0,True,
2026-03-31T04:30:00,56,RR1.00:3-4:560:2088,2026-03-31T03:38:40,503.16,100.0,-66.0,487.0,462.5,437.16,964.61,100.0,True,
2026-03-31T09:07:40,4,RR1.00:8-9:604:2150,2026-03-31T08:47:40,964.61,100.0,-86.5,37.0,-86.5,878.11,877.06,100.0,True,
2026-03-31T09:07:40,30,RR1.00:8-9:604:2150,2026-03-31T08:47:40,964.61,100.0,-86.5,37.0,-86.5,878.11,877.06,100.0,True,
2026-03-31T09:07:40,31,RR1.00:8-9:604:2150,2026-03-31T08:47:40,964.61,100.0,-86.5,37.0,-86.5,878.11,877.06,100.0,True,
2026-03-31T09:07:40,32,RR1.00:8-9:604:2150,2026-03-31T08:47:40,964.61,100.0,-86.5,37.0,-86.5,878.11,877.06,100.0,True,
2026-03-31T09:07:40,33,RR1.00:8-9:604:2150,2026-03-31T08:47:40,964.61,100.0,-86.5,37.0,-86.5,878.11,877.06,100.0,True,
2026-03-31T09:07:40,34,RR1.00:8-9:604:2150,2026-03-31T08:47:40,964.61,100.0,-86.5,37.0,-86.5,878.11,877.06,100.0,True,
2026-03-31T09:07:40,35,RR1.00:8-9:604:2150,2026-03-31T08:47:40,964.61,100.0,-86.5,37.0,-86.5,878.11,877.06,100.0,True,
2026-03-31T09:07:40,36,RR1.00:8-9:604:2150,2026-03-31T08:47:40,964.61,100.0,-86.5,37.0,-86.5,878.11,877.06,100.0,True,
2026-03-31T09:07:40,37,RR1.00:8-9:604:2150,2026-03-31T08:47:40,964.61,100.0,-86.5,37.0,-86.5,878.11,877.06,100.0,True,
2026-03-31T09:07:40,38,RR1.00:8-9:604:2150,2026-03-31T08:47:40,964.61,100.0,-86.5,37.0,-86.5,878.11,877.06,100.0,True,
2026-03-31T09:07:40,39,RR1.00:8-9:604:2150,2026-03-31T08:47:40,964.61,100.0,-86.5,37.0,-86.5,878.11,877.06,100.0,True,
2026-03-31T09:07:40,40,RR1.00:8-9:604:2150,2026-03-31T08:47:40,964.61,100.0,-86.5,37.0,-86.5,878.11,877.06,100.0,True,
2026-03-31T09:07:40,41,RR1.00:8-9:604:2150,2026-03-31T08:47:40,964.61,100.0,-86.5,37.0,-86.5,878.11,877.06,100.0,True,
2026-03-31T09:07:40,42,RR1.00:8-9:604:2150,2026-03-31T08:47:40,964.61,100.0,-86.5,37.0,-86.5,878.11,877.06,100.0,True,
2026-03-31T09:07:40,43,RR1.00:8-9:604:2150,2026-03-31T08:47:40,964.61,100.0,-86.5,37.0,-86.5,878.11,877.06,100.0,True,
2026-03-31T09:07:40,44,RR1.00:8-9:604:2150,2026-03-31T08:47:40,964.61,100.0,-86.5,37.0,-86.5,878.11,877.06,100.0,True,
2026-03-31T09:07:40,48,RR1.00:8-9:604:2150,2026-03-31T08:47:40,964.61,100.0,-86.5,37.0,-86.5,878.11,877.06,100.0,True,
2026-03-31T09:07:40,49,RR1.00:8-9:604:2150,2026-03-31T08:47:40,964.61,100.0,-86.5,37.0,-86.5,878.11,877.06,100.0,True,
2026-03-31T09:07:40,55,RR1.00:8-9:604:2150,2026-03-31T08:47:40,964.61,100.0,-86.5,37.0,-86.5,878.11,877.06,100.0,True,
2026-03-31T09:07:40,56,RR1.00:8-9:604:2150,2026-03-31T08:47:40,964.61,100.0,-86.5,37.0,-86.5,878.11,877.06,100.0,True,
2026-03-31T13:34:40,4,RR1.00:12-13:515:2037,2026-03-31T12:04:40,877.06,100.0,-92.0,24.5,-92.0,785.06,784.01,100.0,True,
2026-03-31T13:34:40,30,RR1.00:12-13:515:2037,2026-03-31T12:04:40,877.06,100.0,-92.0,24.5,-92.0,785.06,784.01,100.0,True,
2026-03-31T13:34:40,31,RR1.00:12-13:515:2037,2026-03-31T12:04:40,877.06,100.0,-92.0,24.5,-92.0,785.06,784.01,100.0,True,
2026-03-31T13:34:40,32,RR1.00:12-13:515:2037,2026-03-31T12:04:40,877.06,100.0,-92.0,24.5,-92.0,785.06,784.01,100.0,True,
2026-03-31T13:34:40,33,RR1.00:12-13:515:2037,2026-03-31T12:04:40,877.06,100.0,-92.0,24.5,-92.0,785.06,784.01,100.0,True,
2026-03-31T13:34:40,34,RR1.00:12-13:515:2037,2026-03-31T12:04:40,877.06,100.0,-92.0,24.5,-92.0,785.06,784.01,100.0,True,
2026-03-31T13:34:40,35,RR1.00:12-13:515:2037,2026-03-31T12:04:40,877.06,100.0,-92.0,24.5,-92.0,785.06,784.01,100.0,True,
2026-03-31T13:34:40,36,RR1.00:12-13:515:2037,2026-03-31T12:04:40,877.06,100.0,-92.0,24.5,-92.0,785.06,784.01,100.0,True,
2026-03-31T13:34:40,37,RR1.00:12-13:515:2037,2026-03-31T12:04:40,877.06,100.0,-92.0,24.5,-92.0,785.06,784.01,100.0,True,
2026-03-31T13:34:40,38,RR1.00:12-13:515:2037,2026-03-31T12:04:40,877.06,100.0,-92.0,24.5,-92.0,785.06,784.01,100.0,True,
2026-03-31T13:34:40,39,RR1.00:12-13:515:2037,2026-03-31T12:04:40,877.06,100.0,-92.0,24.5,-92.0,785.06,784.01,100.0,True,
2026-03-31T13:34:40,40,RR1.00:12-13:515:2037,2026-03-31T12:04:40,877.06,100.0,-92.0,24.5,-92.0,785.06,784.01,100.0,True,
2026-03-31T13:34:40,41,RR1.00:12-13:515:2037,2026-03-31T12:04:40,877.06,100.0,-92.0,24.5,-92.0,785.06,784.01,100.0,True,
2026-03-31T13:34:40,42,RR1.00:12-13:515:2037,2026-03-31T12:04:40,877.06,100.0,-92.0,24.5,-92.0,785.06,784.01,100.0,True,
2026-03-31T13:34:40,43,RR1.00:12-13:515:2037,2026-03-31T12:04:40,877.06,100.0,-92.0,24.5,-92.0,785.06,784.01,100.0,True,
2026-03-31T13:34:40,44,RR1.00:12-13:515:2037,2026-03-31T12:04:40,877.06,100.0,-92.0,24.5,-92.0,785.06,784.01,100.0,True,
2026-03-31T13:34:40,48,RR1.00:12-13:515:2037,2026-03-31T12:04:40,877.06,100.0,-92.0,24.5,-92.0,785.06,784.01,100.0,True,
2026-03-31T13:34:40,49,RR1.00:12-13:515:2037,2026-03-31T12:04:40,877.06,100.0,-92.0,24.5,-92.0,785.06,784.01,100.0,True,
2026-03-31T13:34:40,55,RR1.00:12-13:515:2037,2026-03-31T12:04:40,877.06,100.0,-92.0,24.5,-92.0,785.06,784.01,100.0,True,
2026-03-31T13:34:40,56,RR1.00:12-13:515:2037,2026-03-31T12:04:40,877.06,100.0,-92.0,24.5,-92.0,785.06,784.01,100.0,True,
2026-03-31T13:43:40,4,RR1.00:10-11:591:2145,2026-03-31T10:38:40,784.01,100.0,-144.0,162.5,-144.0,640.01,638.96,100.0,True,
2026-03-31T13:43:40,30,RR1.00:10-11:591:2145,2026-03-31T10:38:40,784.01,100.0,-144.0,162.5,-144.0,640.01,638.96,100.0,True,
2026-03-31T13:43:40,31,RR1.00:10-11:591:2145,2026-03-31T10:38:40,784.01,100.0,-144.0,162.5,-144.0,640.01,638.96,100.0,True,
2026-03-31T13:43:40,32,RR1.00:10-11:591:2145,2026-03-31T10:38:40,784.01,100.0,-144.0,162.5,-144.0,640.01,638.96,100.0,True,
2026-03-31T13:43:40,33,RR1.00:10-11:591:2145,2026-03-31T10:38:40,784.01,100.0,-144.0,162.5,-144.0,640.01,638.96,100.0,True,
2026-03-31T13:43:40,34,RR1.00:10-11:591:2145,2026-03-31T10:38:40,784.01,100.0,-144.0,162.5,-144.0,640.01,638.96,100.0,True,
2026-03-31T13:43:40,35,RR1.00:10-11:591:2145,2026-03-31T10:38:40,784.01,100.0,-144.0,162.5,-144.0,640.01,638.96,100.0,True,
2026-03-31T13:43:40,36,RR1.00:10-11:591:2145,2026-03-31T10:38:40,784.01,100.0,-144.0,162.5,-144.0,640.01,638.96,100.0,True,
2026-03-31T13:43:40,37,RR1.00:10-11:591:2145,2026-03-31T10:38:40,784.01,100.0,-144.0,162.5,-144.0,640.01,638.96,100.0,True,
2026-03-31T13:43:40,38,RR1.00:10-11:591:2145,2026-03-31T10:38:40,784.01,100.0,-144.0,162.5,-144.0,640.01,638.96,100.0,True,
2026-03-31T13:43:40,39,RR1.00:10-11:591:2145,2026-03-31T10:38:40,784.01,100.0,-144.0,162.5,-144.0,640.01,638.96,100.0,True,
2026-03-31T13:43:40,40,RR1.00:10-11:591:2145,2026-03-31T10:38:40,784.01,100.0,-144.0,162.5,-144.0,640.01,638.96,100.0,True,
2026-03-31T13:43:40,41,RR1.00:10-11:591:2145,2026-03-31T10:38:40,784.01,100.0,-144.0,162.5,-144.0,640.01,638.96,100.0,True,
2026-03-31T13:43:40,42,RR1.00:10-11:591:2145,2026-03-31T10:38:40,784.01,100.0,-144.0,162.5,-144.0,640.01,638.96,100.0,True,
2026-03-31T13:43:40,43,RR1.00:10-11:591:2145,2026-03-31T10:38:40,784.01,100.0,-144.0,162.5,-144.0,640.01,638.96,100.0,True,
2026-03-31T13:43:40,44,RR1.00:10-11:591:2145,2026-03-31T10:38:40,784.01,100.0,-144.0,162.5,-144.0,640.01,638.96,100.0,True,
2026-03-31T13:43:40,48,RR1.00:10-11:591:2145,2026-03-31T10:38:40,784.01,100.0,-144.0,162.5,-144.0,640.01,638.96,100.0,True,
2026-03-31T13:43:40,49,RR1.00:10-11:591:2145,2026-03-31T10:38:40,784.01,100.0,-144.0,162.5,-144.0,640.01,638.96,100.0,True,
2026-03-31T13:43:40,55,RR1.00:10-11:591:2145,2026-03-31T10:38:40,784.01,100.0,-144.0,162.5,-144.0,640.01,638.96,100.0,True,
2026-03-31T13:43:40,56,RR1.00:10-11:591:2145,2026-03-31T10:38:40,784.01,100.0,-144.0,162.5,-144.0,640.01,638.96,100.0,True,
2026-03-31T17:00:00,4,RR1.00:14-15:532:2021,2026-03-31T14:11:40,638.96,100.0,-42.5,512.5,512.0,596.46,1149.91,100.0,True,
2026-03-31T17:00:00,30,RR1.00:14-15:532:2021,2026-03-31T14:11:40,638.96,100.0,-42.5,512.5,512.0,596.46,1149.91,100.0,True,
2026-03-31T17:00:00,31,RR1.00:14-15:532:2021,2026-03-31T14:11:40,638.96,100.0,-42.5,512.5,512.0,596.46,1149.91,100.0,True,
2026-03-31T17:00:00,32,RR1.00:14-15:532:2021,2026-03-31T14:11:40,638.96,100.0,-42.5,512.5,512.0,596.46,1149.91,100.0,True,
2026-03-31T17:00:00,33,RR1.00:14-15:532:2021,2026-03-31T14:11:40,638.96,100.0,-42.5,512.5,512.0,596.46,1149.91,100.0,True,
2026-03-31T17:00:00,34,RR1.00:14-15:532:2021,2026-03-31T14:11:40,638.96,100.0,-42.5,512.5,512.0,596.46,1149.91,100.0,True,
2026-03-31T17:00:00,35,RR1.00:14-15:532:2021,2026-03-31T14:11:40,638.96,100.0,-42.5,512.5,512.0,596.46,1149.91,100.0,True,
2026-03-31T17:00:00,36,RR1.00:14-15:532:2021,2026-03-31T14:11:40,638.96,100.0,-42.5,512.5,512.0,596.46,1149.91,100.0,True,
2026-03-31T17:00:00,37,RR1.00:14-15:532:2021,2026-03-31T14:11:40,638.96,100.0,-42.5,512.5,512.0,596.46,1149.91,100.0,True,
2026-03-31T17:00:00,38,RR1.00:14-15:532:2021,2026-03-31T14:11:40,638.96,100.0,-42.5,512.5,512.0,596.46,1149.91,100.0,True,
2026-03-31T17:00:00,39,RR1.00:14-15:532:2021,2026-03-31T14:11:40,638.96,100.0,-42.5,512.5,512.0,596.46,1149.91,100.0,True,
2026-03-31T17:00:00,40,RR1.00:14-15:532:2021,2026-03-31T14:11:40,638.96,100.0,-42.5,512.5,512.0,596.46,1149.91,100.0,True,
2026-03-31T17:00:00,41,RR1.00:14-15:532:2021,2026-03-31T14:11:40,638.96,100.0,-42.5,512.5,512.0,596.46,1149.91,100.0,True,
2026-03-31T17:00:00,42,RR1.00:14-15:532:2021,2026-03-31T14:11:40,638.96,100.0,-42.5,512.5,512.0,596.46,1149.91,100.0,True,
2026-03-31T17:00:00,43,RR1.00:14-15:532:2021,2026-03-31T14:11:40,638.96,100.0,-42.5,512.5,512.0,596.46,1149.91,100.0,True,
2026-03-31T17:00:00,44,RR1.00:14-15:532:2021,2026-03-31T14:11:40,638.96,100.0,-42.5,512.5,512.0,596.46,1149.91,100.0,True,
2026-03-31T17:00:00,48,RR1.00:14-15:532:2021,2026-03-31T14:11:40,638.96,100.0,-42.5,512.5,512.0,596.46,1149.91,100.0,True,
2026-03-31T17:00:00,49,RR1.00:14-15:532:2021,2026-03-31T14:11:40,638.96,100.0,-42.5,512.5,512.0,596.46,1149.91,100.0,True,
2026-03-31T17:00:00,55,RR1.00:14-15:532:2021,2026-03-31T14:11:40,638.96,100.0,-42.5,512.5,512.0,596.46,1149.91,100.0,True,
2026-03-31T17:00:00,56,RR1.00:14-15:532:2021,2026-03-31T14:11:40,638.96,100.0,-42.5,512.5,512.0,596.46,1149.91,100.0,True,
2026-03-31T17:00:00,4,RR1.00:16-17:854:2438,2026-03-31T16:31:40,1149.91,100.0,-109.0,282.5,282.0,1040.91,1430.86,100.0,True,
2026-03-31T17:00:00,30,RR1.00:16-17:854:2438,2026-03-31T16:31:40,1149.91,100.0,-109.0,282.5,282.0,1040.91,1430.86,100.0,True,
2026-03-31T17:00:00,31,RR1.00:16-17:854:2438,2026-03-31T16:31:40,1149.91,100.0,-109.0,282.5,282.0,1040.91,1430.86,100.0,True,
2026-03-31T17:00:00,32,RR1.00:16-17:854:2438,2026-03-31T16:31:40,1149.91,100.0,-109.0,282.5,282.0,1040.91,1430.86,100.0,True,
2026-03-31T17:00:00,33,RR1.00:16-17:854:2438,2026-03-31T16:31:40,1149.91,100.0,-109.0,282.5,282.0,1040.91,1430.86,100.0,True,
2026-03-31T17:00:00,34,RR1.00:16-17:854:2438,2026-03-31T16:31:40,1149.91,100.0,-109.0,282.5,282.0,1040.91,1430.86,100.0,True,
2026-03-31T17:00:00,35,RR1.00:16-17:854:2438,2026-03-31T16:31:40,1149.91,100.0,-109.0,282.5,282.0,1040.91,1430.86,100.0,True,
2026-03-31T17:00:00,36,RR1.00:16-17:854:2438,2026-03-31T16:31:40,1149.91,100.0,-109.0,282.5,282.0,1040.91,1430.86,100.0,True,
2026-03-31T17:00:00,37,RR1.00:16-17:854:2438,2026-03-31T16:31:40,1149.91,100.0,-109.0,282.5,282.0,1040.91,1430.86,100.0,True,
2026-03-31T17:00:00,38,RR1.00:16-17:854:2438,2026-03-31T16:31:40,1149.91,100.0,-109.0,282.5,282.0,1040.91,1430.86,100.0,True,
2026-03-31T17:00:00,39,RR1.00:16-17:854:2438,2026-03-31T16:31:40,1149.91,100.0,-109.0,282.5,282.0,1040.91,1430.86,100.0,True,
2026-03-31T17:00:00,40,RR1.00:16-17:854:2438,2026-03-31T16:31:40,1149.91,100.0,-109.0,282.5,282.0,1040.91,1430.86,100.0,True,
2026-03-31T17:00:00,41,RR1.00:16-17:854:2438,2026-03-31T16:31:40,1149.91,100.0,-109.0,282.5,282.0,1040.91,1430.86,100.0,True,
2026-03-31T17:00:00,42,RR1.00:16-17:854:2438,2026-03-31T16:31:40,1149.91,100.0,-109.0,282.5,282.0,1040.91,1430.86,100.0,True,
2026-03-31T17:00:00,43,RR1.00:16-17:854:2438,2026-03-31T16:31:40,1149.91,100.0,-109.0,282.5,282.0,1040.91,1430.86,100.0,True,
2026-03-31T17:00:00,44,RR1.00:16-17:854:2438,2026-03-31T16:31:40,1149.91,100.0,-109.0,282.5,282.0,1040.91,1430.86,100.0,True,
2026-03-31T17:00:00,48,RR1.00:16-17:854:2438,2026-03-31T16:31:40,1149.91,100.0,-109.0,282.5,282.0,1040.91,1430.86,100.0,True,
2026-03-31T17:00:00,49,RR1.00:16-17:854:2438,2026-03-31T16:31:40,1149.91,100.0,-109.0,282.5,282.0,1040.91,1430.86,100.0,True,
2026-03-31T17:00:00,55,RR1.00:16-17:854:2438,2026-03-31T16:31:40,1149.91,100.0,-109.0,282.5,282.0,1040.91,1430.86,100.0,True,
2026-03-31T17:00:00,56,RR1.00:16-17:854:2438,2026-03-31T16:31:40,1149.91,100.0,-109.0,282.5,282.0,1040.91,1430.86,100.0,True,
2026-03-31T17:43:40,4,RR1.00:17-18:371:1893,2026-03-31T17:33:40,1430.86,100.0,-171.5,15.0,-171.5,1259.36,1258.31,100.0,True,
2026-03-31T17:43:40,30,RR1.00:17-18:371:1893,2026-03-31T17:33:40,1430.86,100.0,-171.5,15.0,-171.5,1259.36,1258.31,100.0,True,
2026-03-31T17:43:40,31,RR1.00:17-18:371:1893,2026-03-31T17:33:40,1430.86,100.0,-171.5,15.0,-171.5,1259.36,1258.31,100.0,True,
2026-03-31T17:43:40,32,RR1.00:17-18:371:1893,2026-03-31T17:33:40,1430.86,100.0,-171.5,15.0,-171.5,1259.36,1258.31,100.0,True,
2026-03-31T17:43:40,33,RR1.00:17-18:371:1893,2026-03-31T17:33:40,1430.86,100.0,-171.5,15.0,-171.5,1259.36,1258.31,100.0,True,
2026-03-31T17:43:40,34,RR1.00:17-18:371:1893,2026-03-31T17:33:40,1430.86,100.0,-171.5,15.0,-171.5,1259.36,1258.31,100.0,True,
2026-03-31T17:43:40,35,RR1.00:17-18:371:1893,2026-03-31T17:33:40,1430.86,100.0,-171.5,15.0,-171.5,1259.36,1258.31,100.0,True,
2026-03-31T17:43:40,36,RR1.00:17-18:371:1893,2026-03-31T17:33:40,1430.86,100.0,-171.5,15.0,-171.5,1259.36,1258.31,100.0,True,
2026-03-31T17:43:40,37,RR1.00:17-18:371:1893,2026-03-31T17:33:40,1430.86,100.0,-171.5,15.0,-171.5,1259.36,1258.31,100.0,True,
2026-03-31T17:43:40,38,RR1.00:17-18:371:1893,2026-03-31T17:33:40,1430.86,100.0,-171.5,15.0,-171.5,1259.36,1258.31,100.0,True,
2026-03-31T17:43:40,39,RR1.00:17-18:371:1893,2026-03-31T17:33:40,1430.86,100.0,-171.5,15.0,-171.5,1259.36,1258.31,100.0,True,
2026-03-31T17:43:40,40,RR1.00:17-18:371:1893,2026-03-31T17:33:40,1430.86,100.0,-171.5,15.0,-171.5,1259.36,1258.31,100.0,True,
2026-03-31T17:43:40,41,RR1.00:17-18:371:1893,2026-03-31T17:33:40,1430.86,100.0,-171.5,15.0,-171.5,1259.36,1258.31,100.0,True,
2026-03-31T17:43:40,42,RR1.00:17-18:371:1893,2026-03-31T17:33:40,1430.86,100.0,-171.5,15.0,-171.5,1259.36,1258.31,100.0,True,
2026-03-31T17:43:40,43,RR1.00:17-18:371:1893,2026-03-31T17:33:40,1430.86,100.0,-171.5,15.0,-171.5,1259.36,1258.31,100.0,True,
2026-03-31T17:43:40,44,RR1.00:17-18:371:1893,2026-03-31T17:33:40,1430.86,100.0,-171.5,15.0,-171.5,1259.36,1258.31,100.0,True,
2026-03-31T17:43:40,48,RR1.00:17-18:371:1893,2026-03-31T17:33:40,1430.86,100.0,-171.5,15.0,-171.5,1259.36,1258.31,100.0,True,
2026-03-31T17:43:40,49,RR1.00:17-18:371:1893,2026-03-31T17:33:40,1430.86,100.0,-171.5,15.0,-171.5,1259.36,1258.31,100.0,True,
2026-03-31T17:43:40,55,RR1.00:17-18:371:1893,2026-03-31T17:33:40,1430.86,100.0,-171.5,15.0,-171.5,1259.36,1258.31,100.0,True,
2026-03-31T17:43:40,56,RR1.00:17-18:371:1893,2026-03-31T17:33:40,1430.86,100.0,-171.5,15.0,-171.5,1259.36,1258.31,100.0,True,
2026-03-31T20:00:00,4,RR1.00:19-20:483:1974,2026-03-31T19:07:40,1258.31,100.0,-79.5,678.0,508.0,1178.81,1765.26,100.0,True,
2026-03-31T20:00:00,30,RR1.00:19-20:483:1974,2026-03-31T19:07:40,1258.31,100.0,-79.5,678.0,508.0,1178.81,1765.26,100.0,True,
2026-03-31T20:00:00,31,RR1.00:19-20:483:1974,2026-03-31T19:07:40,1258.31,100.0,-79.5,678.0,508.0,1178.81,1765.26,100.0,True,
2026-03-31T20:00:00,32,RR1.00:19-20:483:1974,2026-03-31T19:07:40,1258.31,100.0,-79.5,678.0,508.0,1178.81,1765.26,100.0,True,
2026-03-31T20:00:00,33,RR1.00:19-20:483:1974,2026-03-31T19:07:40,1258.31,100.0,-79.5,678.0,508.0,1178.81,1765.26,100.0,True,
2026-03-31T20:00:00,34,RR1.00:19-20:483:1974,2026-03-31T19:07:40,1258.31,100.0,-79.5,678.0,508.0,1178.81,1765.26,100.0,True,
2026-03-31T20:00:00,35,RR1.00:19-20:483:1974,2026-03-31T19:07:40,1258.31,100.0,-79.5,678.0,508.0,1178.81,1765.26,100.0,True,
2026-03-31T20:00:00,36,RR1.00:19-20:483:1974,2026-03-31T19:07:40,1258.31,100.0,-79.5,678.0,508.0,1178.81,1765.26,100.0,True,
2026-03-31T20:00:00,37,RR1.00:19-20:483:1974,2026-03-31T19:07:40,1258.31,100.0,-79.5,678.0,508.0,1178.81,1765.26,100.0,True,
2026-03-31T20:00:00,38,RR1.00:19-20:483:1974,2026-03-31T19:07:40,1258.31,100.0,-79.5,678.0,508.0,1178.81,1765.26,100.0,True,
2026-03-31T20:00:00,39,RR1.00:19-20:483:1974,2026-03-31T19:07:40,1258.31,100.0,-79.5,678.0,508.0,1178.81,1765.26,100.0,True,
2026-03-31T20:00:00,40,RR1.00:19-20:483:1974,2026-03-31T19:07:40,1258.31,100.0,-79.5,678.0,508.0,1178.81,1765.26,100.0,True,
2026-03-31T20:00:00,41,RR1.00:19-20:483:1974,2026-03-31T19:07:40,1258.31,100.0,-79.5,678.0,508.0,1178.81,1765.26,100.0,True,
2026-03-31T20:00:00,42,RR1.00:19-20:483:1974,2026-03-31T19:07:40,1258.31,100.0,-79.5,678.0,508.0,1178.81,1765.26,100.0,True,
2026-03-31T20:00:00,43,RR1.00:19-20:483:1974,2026-03-31T19:07:40,1258.31,100.0,-79.5,678.0,508.0,1178.81,1765.26,100.0,True,
2026-03-31T20:00:00,44,RR1.00:19-20:483:1974,2026-03-31T19:07:40,1258.31,100.0,-79.5,678.0,508.0,1178.81,1765.26,100.0,True,
2026-03-31T20:00:00,48,RR1.00:19-20:483:1974,2026-03-31T19:07:40,1258.31,100.0,-79.5,678.0,508.0,1178.81,1765.26,100.0,True,
2026-03-31T20:00:00,49,RR1.00:19-20:483:1974,2026-03-31T19:07:40,1258.31,100.0,-79.5,678.0,508.0,1178.81,1765.26,100.0,True,
2026-03-31T20:00:00,55,RR1.00:19-20:483:1974,2026-03-31T19:07:40,1258.31,100.0,-79.5,678.0,508.0,1178.81,1765.26,100.0,True,
2026-03-31T20:00:00,56,RR1.00:19-20:483:1974,2026-03-31T19:07:40,1258.31,100.0,-79.5,678.0,508.0,1178.81,1765.26,100.0,True,
