at,account_id,cohort_month,payout_number,requested_usd,allowed_usd,gross_usd,received_usd,balance_before_usd,balance_after_usd,outstanding_after_usd,binding_cap
2020-10-01 00:00:00,3,2020-03,1,500.0,500.0,500.0,500.0,27368.6,26868.6,0.0,
2020-12-01 00:00:00,3,2020-03,2,500.0,500.0,500.0,500.0,27729.6,27229.6,0.0,
2020-12-01 00:00:00,4,2020-04,1,500.0,500.0,500.0,500.0,27742.55,27242.55,0.0,
2020-12-01 00:00:00,5,2020-05,1,500.0,500.0,500.0,500.0,27481.1,26981.1,0.0,
2022-03-01 00:00:00,43,2022-01,1,500.0,500.0,500.0,500.0,27505.0,27005.0,0.0,
2022-03-01 00:00:00,44,2022-01,1,500.0,500.0,500.0,500.0,28404.95,27904.95,0.0,
2022-03-01 00:00:00,45,2022-01,1,500.0,500.0,500.0,500.0,28404.95,27904.95,0.0,
2022-03-01 00:00:00,46,2022-01,1,500.0,500.0,500.0,500.0,28404.95,27904.95,0.0,
2022-03-01 00:00:00,47,2022-01,1,500.0,500.0,500.0,500.0,27851.05,27351.05,0.0,
2022-03-01 00:00:00,48,2022-01,1,500.0,500.0,500.0,500.0,27851.05,27351.05,0.0,
2022-03-01 00:00:00,49,2022-01,1,500.0,500.0,500.0,500.0,27851.05,27351.05,0.0,
2022-04-01 00:00:00,44,2022-01,2,500.0,500.0,500.0,500.0,27494.45,26994.45,0.0,
2022-04-01 00:00:00,45,2022-01,2,500.0,500.0,500.0,500.0,27494.45,26994.45,0.0,
2022-04-01 00:00:00,46,2022-01,2,500.0,500.0,500.0,500.0,27494.45,26994.45,0.0,
2022-09-01 00:00:00,70,2022-07,1,500.0,500.0,500.0,500.0,27381.85,26881.85,0.0,
2022-10-01 00:00:00,67,2022-06,1,500.0,500.0,500.0,500.0,27599.95,27099.95,0.0,
2022-10-01 00:00:00,68,2022-06,1,500.0,500.0,500.0,500.0,27599.95,27099.95,0.0,
2022-10-01 00:00:00,69,2022-06,1,500.0,500.0,500.0,500.0,27599.95,27099.95,0.0,
2022-10-01 00:00:00,70,2022-07,2,500.0,500.0,500.0,500.0,27382.1,26882.1,0.0,
2022-12-01 00:00:00,67,2022-06,2,500.0,500.0,500.0,500.0,27326.2,26826.2,0.0,
2022-12-01 00:00:00,68,2022-06,2,500.0,500.0,500.0,500.0,27326.2,26826.2,0.0,
2022-12-01 00:00:00,69,2022-06,2,500.0,500.0,500.0,500.0,27326.2,26826.2,0.0,
2022-12-01 00:00:00,71,2022-07,1,500.0,500.0,500.0,500.0,27513.15,27013.15,0.0,
2023-04-01 00:00:00,67,2022-06,3,500.0,500.0,500.0,500.0,27906.55,27406.55,0.0,
2023-04-01 00:00:00,68,2022-06,3,500.0,500.0,500.0,500.0,27906.55,27406.55,0.0,
2023-04-01 00:00:00,69,2022-06,3,500.0,500.0,500.0,500.0,27906.55,27406.55,0.0,
2023-04-01 00:00:00,70,2022-07,3,500.0,500.0,500.0,500.0,28188.7,27688.7,0.0,
2023-04-01 00:00:00,71,2022-07,2,500.0,500.0,500.0,500.0,28093.5,27593.5,0.0,
2023-04-01 00:00:00,72,2022-07,1,500.0,500.0,500.0,500.0,28057.75,27557.75,0.0,
2023-04-01 00:00:00,73,2022-07,1,500.0,500.0,500.0,500.0,27800.45,27300.45,0.0,
2023-04-01 00:00:00,74,2022-07,1,500.0,500.0,500.0,500.0,27800.45,27300.45,0.0,
2023-04-01 00:00:00,75,2022-07,1,500.0,500.0,500.0,500.0,27800.45,27300.45,0.0,
2023-04-01 00:00:00,76,2022-07,1,500.0,500.0,500.0,500.0,27800.45,27300.45,0.0,
2023-05-01 00:00:00,67,2022-06,4,500.0,500.0,500.0,500.0,28044.2,27544.2,0.0,
2023-05-01 00:00:00,68,2022-06,4,500.0,500.0,500.0,500.0,28044.2,27544.2,0.0,
2023-05-01 00:00:00,69,2022-06,4,500.0,500.0,500.0,500.0,28044.2,27544.2,0.0,
2023-05-01 00:00:00,70,2022-07,4,500.0,500.0,500.0,500.0,28326.35,27826.35,0.0,
2023-05-01 00:00:00,71,2022-07,3,500.0,500.0,500.0,500.0,28231.15,27731.15,0.0,
2023-05-01 00:00:00,72,2022-07,2,500.0,500.0,500.0,500.0,28195.4,27695.4,0.0,
2023-05-01 00:00:00,73,2022-07,2,500.0,500.0,500.0,500.0,27938.1,27438.1,0.0,
2023-05-01 00:00:00,74,2022-07,2,500.0,500.0,500.0,500.0,27938.1,27438.1,0.0,
2023-05-01 00:00:00,75,2022-07,2,500.0,500.0,500.0,500.0,27938.1,27438.1,0.0,
2023-05-01 00:00:00,76,2022-07,2,500.0,500.0,500.0,500.0,27938.1,27438.1,0.0,
2023-05-01 00:00:00,91,2023-01,1,500.0,500.0,500.0,500.0,27606.45,27106.45,0.0,
2023-05-01 00:00:00,92,2023-01,1,500.0,500.0,500.0,500.0,27606.45,27106.45,0.0,
2023-06-01 00:00:00,67,2022-06,5,500.0,500.0,500.0,500.0,27556.5,27056.5,0.0,
2023-06-01 00:00:00,68,2022-06,5,500.0,500.0,500.0,500.0,27556.5,27056.5,0.0,
2023-06-01 00:00:00,69,2022-06,5,500.0,500.0,500.0,500.0,27556.5,27056.5,0.0,
2023-06-01 00:00:00,70,2022-07,5,500.0,500.0,500.0,500.0,27838.65,27338.65,0.0,
2023-06-01 00:00:00,71,2022-07,4,500.0,500.0,500.0,500.0,27743.45,27243.45,0.0,
2023-06-01 00:00:00,72,2022-07,3,500.0,500.0,500.0,500.0,27707.7,27207.7,0.0,
2023-06-01 00:00:00,73,2022-07,3,500.0,500.0,500.0,500.0,27450.4,26950.4,0.0,
2023-06-01 00:00:00,74,2022-07,3,500.0,500.0,500.0,500.0,27450.4,26950.4,0.0,
2023-06-01 00:00:00,75,2022-07,3,500.0,500.0,500.0,500.0,27450.4,26950.4,0.0,
2023-06-01 00:00:00,76,2022-07,3,500.0,500.0,500.0,500.0,27450.4,26950.4,0.0,
2023-07-01 00:00:00,70,2022-07,6,500.0,500.0,500.0,500.0,27576.4,27076.4,0.0,
2023-07-01 00:00:00,71,2022-07,5,500.0,500.0,500.0,500.0,27481.2,26981.2,0.0,
2023-07-01 00:00:00,72,2022-07,4,500.0,500.0,500.0,500.0,27445.45,26945.45,0.0,
2023-07-01 00:00:00,91,2023-01,2,500.0,500.0,500.0,500.0,27356.5,26856.5,0.0,
2023-07-01 00:00:00,92,2023-01,2,500.0,500.0,500.0,500.0,27356.5,26856.5,0.0,
2023-08-01 00:00:00,67,2022-06,6,500.0,500.0,500.0,500.0,27390.75,26890.75,0.0,
2023-08-01 00:00:00,68,2022-06,6,500.0,500.0,500.0,500.0,27390.75,26890.75,0.0,
2023-08-01 00:00:00,69,2022-06,6,500.0,500.0,500.0,500.0,27390.75,26890.75,0.0,
2023-09-01 00:00:00,67,2022-06,7,500.0,500.0,500.0,500.0,27516.0,27016.0,0.0,
2023-09-01 00:00:00,68,2022-06,7,500.0,500.0,500.0,500.0,27516.0,27016.0,0.0,
2023-09-01 00:00:00,69,2022-06,7,500.0,500.0,500.0,500.0,27516.0,27016.0,0.0,
2023-09-01 00:00:00,70,2022-07,7,500.0,500.0,500.0,500.0,27798.15,27298.15,0.0,
2023-09-01 00:00:00,71,2022-07,6,500.0,500.0,500.0,500.0,27702.95,27202.95,0.0,
2023-09-01 00:00:00,72,2022-07,5,500.0,500.0,500.0,500.0,27667.2,27167.2,0.0,
2023-09-01 00:00:00,73,2022-07,4,500.0,500.0,500.0,500.0,27909.9,27409.9,0.0,
2023-09-01 00:00:00,74,2022-07,4,500.0,500.0,500.0,500.0,27909.9,27409.9,0.0,
2023-09-01 00:00:00,75,2022-07,4,500.0,500.0,500.0,500.0,27909.9,27409.9,0.0,
2023-09-01 00:00:00,76,2022-07,4,500.0,500.0,500.0,500.0,27909.9,27409.9,0.0,
2023-09-01 00:00:00,91,2023-01,3,500.0,500.0,500.0,500.0,27578.25,27078.25,0.0,
2023-09-01 00:00:00,92,2023-01,3,500.0,500.0,500.0,500.0,27578.25,27078.25,0.0,
2023-09-01 00:00:00,93,2023-02,1,500.0,500.0,500.0,500.0,27512.05,27012.05,0.0,
2023-09-01 00:00:00,94,2023-02,1,500.0,500.0,500.0,500.0,27512.05,27012.05,0.0,
2023-10-01 00:00:00,70,2022-07,8,500.0,500.0,500.0,500.0,27340.85,26840.85,0.0,
2023-10-01 00:00:00,73,2022-07,5,500.0,500.0,500.0,500.0,27452.6,26952.6,0.0,
2023-10-01 00:00:00,74,2022-07,5,500.0,500.0,500.0,500.0,27452.6,26952.6,0.0,
2023-10-01 00:00:00,75,2022-07,5,500.0,500.0,500.0,500.0,27452.6,26952.6,0.0,
2023-10-01 00:00:00,76,2022-07,5,500.0,500.0,500.0,500.0,27452.6,26952.6,0.0,
2024-02-01 00:00:00,67,2022-06,8,500.0,500.0,500.0,500.0,27482.5,26982.5,0.0,
2024-02-01 00:00:00,68,2022-06,8,500.0,500.0,500.0,500.0,27482.5,26982.5,0.0,
2024-02-01 00:00:00,69,2022-06,8,500.0,500.0,500.0,500.0,27482.5,26982.5,0.0,
2024-02-01 00:00:00,71,2022-07,7,500.0,500.0,500.0,500.0,27669.45,27169.45,0.0,
2024-02-01 00:00:00,72,2022-07,6,500.0,500.0,500.0,500.0,27633.7,27133.7,0.0,
2024-02-01 00:00:00,73,2022-07,6,500.0,500.0,500.0,500.0,27376.4,26876.4,0.0,
2024-02-01 00:00:00,74,2022-07,6,500.0,500.0,500.0,500.0,27376.4,26876.4,0.0,
2024-02-01 00:00:00,75,2022-07,6,500.0,500.0,500.0,500.0,27376.4,26876.4,0.0,
2024-02-01 00:00:00,76,2022-07,6,500.0,500.0,500.0,500.0,27376.4,26876.4,0.0,
2024-02-01 00:00:00,91,2023-01,4,500.0,500.0,500.0,500.0,27544.75,27044.75,0.0,
2024-02-01 00:00:00,92,2023-01,4,500.0,500.0,500.0,500.0,27544.75,27044.75,0.0,
2024-02-01 00:00:00,93,2023-02,2,500.0,500.0,500.0,500.0,27478.55,26978.55,0.0,
2024-02-01 00:00:00,94,2023-02,2,500.0,500.0,500.0,500.0,27478.55,26978.55,0.0,
2024-02-01 00:00:00,95,2023-02,1,500.0,500.0,500.0,500.0,27668.75,27168.75,0.0,
2024-02-01 00:00:00,96,2023-02,1,500.0,500.0,500.0,500.0,27668.75,27168.75,0.0,
2024-02-01 00:00:00,97,2023-02,1,500.0,500.0,500.0,500.0,27668.75,27168.75,0.0,
2024-02-01 00:00:00,98,2023-03,1,500.0,500.0,500.0,500.0,27614.7,27114.7,0.0,
2024-03-01 00:00:00,67,2022-06,9,500.0,500.0,500.0,500.0,28512.95,28012.95,0.0,
2024-03-01 00:00:00,68,2022-06,9,500.0,500.0,500.0,500.0,28512.95,28012.95,0.0,
2024-03-01 00:00:00,69,2022-06,9,500.0,500.0,500.0,500.0,28512.95,28012.95,0.0,
2024-03-01 00:00:00,70,2022-07,9,500.0,500.0,500.0,500.0,28795.1,28295.1,0.0,
2024-03-01 00:00:00,71,2022-07,8,500.0,500.0,500.0,500.0,28699.9,28199.9,0.0,
2024-03-01 00:00:00,72,2022-07,7,500.0,500.0,500.0,500.0,28664.15,28164.15,0.0,
2024-03-01 00:00:00,73,2022-07,7,500.0,500.0,500.0,500.0,28406.85,27906.85,0.0,
2024-03-01 00:00:00,74,2022-07,7,500.0,500.0,500.0,500.0,28406.85,27906.85,0.0,
2024-03-01 00:00:00,75,2022-07,7,500.0,500.0,500.0,500.0,28406.85,27906.85,0.0,
2024-03-01 00:00:00,76,2022-07,7,500.0,500.0,500.0,500.0,28406.85,27906.85,0.0,
2024-03-01 00:00:00,91,2023-01,5,500.0,500.0,500.0,500.0,28575.2,28075.2,0.0,
2024-03-01 00:00:00,92,2023-01,5,500.0,500.0,500.0,500.0,28575.2,28075.2,0.0,
2024-03-01 00:00:00,93,2023-02,3,500.0,500.0,500.0,500.0,28509.0,28009.0,0.0,
2024-03-01 00:00:00,94,2023-02,3,500.0,500.0,500.0,500.0,28509.0,28009.0,0.0,
2024-03-01 00:00:00,95,2023-02,2,500.0,500.0,500.0,500.0,28699.2,28199.2,0.0,
2024-03-01 00:00:00,96,2023-02,2,500.0,500.0,500.0,500.0,28699.2,28199.2,0.0,
2024-03-01 00:00:00,97,2023-02,2,500.0,500.0,500.0,500.0,28699.2,28199.2,0.0,
2024-03-01 00:00:00,98,2023-03,2,500.0,500.0,500.0,500.0,28645.15,28145.15,0.0,
2024-03-01 00:00:00,101,2023-12,1,500.0,500.0,500.0,500.0,27662.45,27162.45,0.0,
2024-03-01 00:00:00,102,2023-12,1,500.0,500.0,500.0,500.0,27662.45,27162.45,0.0,
2024-04-01 00:00:00,67,2022-06,10,500.0,500.0,500.0,500.0,28276.55,27776.55,0.0,
2024-04-01 00:00:00,68,2022-06,10,500.0,500.0,500.0,500.0,28276.55,27776.55,0.0,
2024-04-01 00:00:00,69,2022-06,10,500.0,500.0,500.0,500.0,28276.55,27776.55,0.0,
2024-04-01 00:00:00,70,2022-07,10,500.0,500.0,500.0,500.0,28558.7,28058.7,0.0,
2024-04-01 00:00:00,71,2022-07,9,500.0,500.0,500.0,500.0,28463.5,27963.5,0.0,
2024-04-01 00:00:00,72,2022-07,8,500.0,500.0,500.0,500.0,28427.75,27927.75,0.0,
2024-04-01 00:00:00,73,2022-07,8,500.0,500.0,500.0,500.0,28170.45,27670.45,0.0,
2024-04-01 00:00:00,74,2022-07,8,500.0,500.0,500.0,500.0,28170.45,27670.45,0.0,
2024-04-01 00:00:00,75,2022-07,8,500.0,500.0,500.0,500.0,28170.45,27670.45,0.0,
2024-04-01 00:00:00,76,2022-07,8,500.0,500.0,500.0,500.0,28170.45,27670.45,0.0,
2024-04-01 00:00:00,91,2023-01,6,500.0,500.0,500.0,500.0,28338.8,27838.8,0.0,
2024-04-01 00:00:00,92,2023-01,6,500.0,500.0,500.0,500.0,28338.8,27838.8,0.0,
2024-04-01 00:00:00,93,2023-02,4,500.0,500.0,500.0,500.0,28272.6,27772.6,0.0,
2024-04-01 00:00:00,94,2023-02,4,500.0,500.0,500.0,500.0,28272.6,27772.6,0.0,
2024-04-01 00:00:00,95,2023-02,3,500.0,500.0,500.0,500.0,28462.8,27962.8,0.0,
2024-04-01 00:00:00,96,2023-02,3,500.0,500.0,500.0,500.0,28462.8,27962.8,0.0,
2024-04-01 00:00:00,97,2023-02,3,500.0,500.0,500.0,500.0,28462.8,27962.8,0.0,
2024-04-01 00:00:00,98,2023-03,3,500.0,500.0,500.0,500.0,28408.75,27908.75,0.0,
2024-04-01 00:00:00,101,2023-12,2,500.0,500.0,500.0,500.0,27426.05,26926.05,0.0,
2024-04-01 00:00:00,102,2023-12,2,500.0,500.0,500.0,500.0,27426.05,26926.05,0.0,
2024-05-01 00:00:00,67,2022-06,11,500.0,500.0,500.0,500.0,27679.95,27179.95,0.0,
2024-05-01 00:00:00,68,2022-06,11,500.0,500.0,500.0,500.0,27679.95,27179.95,0.0,
2024-05-01 00:00:00,69,2022-06,11,500.0,500.0,500.0,500.0,27679.95,27179.95,0.0,
2024-05-01 00:00:00,70,2022-07,11,500.0,500.0,500.0,500.0,27962.1,27462.1,0.0,
2024-05-01 00:00:00,71,2022-07,10,500.0,500.0,500.0,500.0,27866.9,27366.9,0.0,
2024-05-01 00:00:00,72,2022-07,9,500.0,500.0,500.0,500.0,27831.15,27331.15,0.0,
2024-05-01 00:00:00,73,2022-07,9,500.0,500.0,500.0,500.0,27573.85,27073.85,0.0,
2024-05-01 00:00:00,74,2022-07,9,500.0,500.0,500.0,500.0,27573.85,27073.85,0.0,
2024-05-01 00:00:00,75,2022-07,9,500.0,500.0,500.0,500.0,27573.85,27073.85,0.0,
2024-05-01 00:00:00,76,2022-07,9,500.0,500.0,500.0,500.0,27573.85,27073.85,0.0,
2024-05-01 00:00:00,91,2023-01,7,500.0,500.0,500.0,500.0,27742.2,27242.2,0.0,
2024-05-01 00:00:00,92,2023-01,7,500.0,500.0,500.0,500.0,27742.2,27242.2,0.0,
2024-05-01 00:00:00,93,2023-02,5,500.0,500.0,500.0,500.0,27676.0,27176.0,0.0,
2024-05-01 00:00:00,94,2023-02,5,500.0,500.0,500.0,500.0,27676.0,27176.0,0.0,
2024-05-01 00:00:00,95,2023-02,4,500.0,500.0,500.0,500.0,27866.2,27366.2,0.0,
2024-05-01 00:00:00,96,2023-02,4,500.0,500.0,500.0,500.0,27866.2,27366.2,0.0,
2024-05-01 00:00:00,97,2023-02,4,500.0,500.0,500.0,500.0,27866.2,27366.2,0.0,
2024-05-01 00:00:00,98,2023-03,4,500.0,500.0,500.0,500.0,27812.15,27312.15,0.0,
2024-06-01 00:00:00,67,2022-06,12,500.0,500.0,500.0,500.0,28366.45,27866.45,0.0,
2024-06-01 00:00:00,68,2022-06,12,500.0,500.0,500.0,500.0,28366.45,27866.45,0.0,
2024-06-01 00:00:00,69,2022-06,12,500.0,500.0,500.0,500.0,28366.45,27866.45,0.0,
2024-06-01 00:00:00,70,2022-07,12,500.0,500.0,500.0,500.0,28648.6,28148.6,0.0,
2024-06-01 00:00:00,71,2022-07,11,500.0,500.0,500.0,500.0,28553.4,28053.4,0.0,
2024-06-01 00:00:00,72,2022-07,10,500.0,500.0,500.0,500.0,28517.65,28017.65,0.0,
2024-06-01 00:00:00,73,2022-07,10,500.0,500.0,500.0,500.0,28260.35,27760.35,0.0,
2024-06-01 00:00:00,74,2022-07,10,500.0,500.0,500.0,500.0,28260.35,27760.35,0.0,
2024-06-01 00:00:00,75,2022-07,10,500.0,500.0,500.0,500.0,28260.35,27760.35,0.0,
2024-06-01 00:00:00,76,2022-07,10,500.0,500.0,500.0,500.0,28260.35,27760.35,0.0,
2024-06-01 00:00:00,91,2023-01,8,500.0,500.0,500.0,500.0,28428.7,27928.7,0.0,
2024-06-01 00:00:00,92,2023-01,8,500.0,500.0,500.0,500.0,28428.7,27928.7,0.0,
2024-06-01 00:00:00,93,2023-02,6,500.0,500.0,500.0,500.0,28362.5,27862.5,0.0,
2024-06-01 00:00:00,94,2023-02,6,500.0,500.0,500.0,500.0,28362.5,27862.5,0.0,
2024-06-01 00:00:00,95,2023-02,5,500.0,500.0,500.0,500.0,28552.7,28052.7,0.0,
2024-06-01 00:00:00,96,2023-02,5,500.0,500.0,500.0,500.0,28552.7,28052.7,0.0,
2024-06-01 00:00:00,97,2023-02,5,500.0,500.0,500.0,500.0,28552.7,28052.7,0.0,
2024-06-01 00:00:00,98,2023-03,5,500.0,500.0,500.0,500.0,28498.65,27998.65,0.0,
2024-06-01 00:00:00,101,2023-12,3,500.0,500.0,500.0,500.0,28015.95,27515.95,0.0,
2024-06-01 00:00:00,102,2023-12,3,500.0,500.0,500.0,500.0,28015.95,27515.95,0.0,
2024-07-01 00:00:00,67,2022-06,13,500.0,500.0,500.0,500.0,29644.0,29144.0,0.0,
2024-07-01 00:00:00,68,2022-06,13,500.0,500.0,500.0,500.0,29644.0,29144.0,0.0,
2024-07-01 00:00:00,69,2022-06,13,500.0,500.0,500.0,500.0,29644.0,29144.0,0.0,
2024-07-01 00:00:00,70,2022-07,13,500.0,500.0,500.0,500.0,29926.15,29426.15,0.0,
2024-07-01 00:00:00,71,2022-07,12,500.0,500.0,500.0,500.0,29830.95,29330.95,0.0,
2024-07-01 00:00:00,72,2022-07,11,500.0,500.0,500.0,500.0,29795.2,29295.2,0.0,
2024-07-01 00:00:00,73,2022-07,11,500.0,500.0,500.0,500.0,29537.9,29037.9,0.0,
2024-07-01 00:00:00,74,2022-07,11,500.0,500.0,500.0,500.0,29537.9,29037.9,0.0,
2024-07-01 00:00:00,75,2022-07,11,500.0,500.0,500.0,500.0,29537.9,29037.9,0.0,
2024-07-01 00:00:00,76,2022-07,11,500.0,500.0,500.0,500.0,29537.9,29037.9,0.0,
2024-07-01 00:00:00,91,2023-01,9,500.0,500.0,500.0,500.0,29706.25,29206.25,0.0,
2024-07-01 00:00:00,92,2023-01,9,500.0,500.0,500.0,500.0,29706.25,29206.25,0.0,
2024-07-01 00:00:00,93,2023-02,7,500.0,500.0,500.0,500.0,29640.05,29140.05,0.0,
2024-07-01 00:00:00,94,2023-02,7,500.0,500.0,500.0,500.0,29640.05,29140.05,0.0,
2024-07-01 00:00:00,95,2023-02,6,500.0,500.0,500.0,500.0,29830.25,29330.25,0.0,
2024-07-01 00:00:00,96,2023-02,6,500.0,500.0,500.0,500.0,29830.25,29330.25,0.0,
2024-07-01 00:00:00,97,2023-02,6,500.0,500.0,500.0,500.0,29830.25,29330.25,0.0,
2024-07-01 00:00:00,98,2023-03,6,500.0,500.0,500.0,500.0,29776.2,29276.2,0.0,
2024-07-01 00:00:00,101,2023-12,4,500.0,500.0,500.0,500.0,29293.5,28793.5,0.0,
2024-07-01 00:00:00,102,2023-12,4,500.0,500.0,500.0,500.0,29293.5,28793.5,0.0,
2024-08-01 00:00:00,67,2022-06,14,500.0,500.0,500.0,500.0,29137.9,28637.9,0.0,
2024-08-01 00:00:00,68,2022-06,14,500.0,500.0,500.0,500.0,29137.9,28637.9,0.0,
2024-08-01 00:00:00,69,2022-06,14,500.0,500.0,500.0,500.0,29137.9,28637.9,0.0,
2024-08-01 00:00:00,70,2022-07,14,500.0,500.0,500.0,500.0,29420.05,28920.05,0.0,
2024-08-01 00:00:00,71,2022-07,13,500.0,500.0,500.0,500.0,29324.85,28824.85,0.0,
2024-08-01 00:00:00,72,2022-07,12,500.0,500.0,500.0,500.0,29289.1,28789.1,0.0,
2024-08-01 00:00:00,73,2022-07,12,500.0,500.0,500.0,500.0,29031.8,28531.8,0.0,
2024-08-01 00:00:00,74,2022-07,12,500.0,500.0,500.0,500.0,29031.8,28531.8,0.0,
2024-08-01 00:00:00,75,2022-07,12,500.0,500.0,500.0,500.0,29031.8,28531.8,0.0,
2024-08-01 00:00:00,76,2022-07,12,500.0,500.0,500.0,500.0,29031.8,28531.8,0.0,
2024-08-01 00:00:00,91,2023-01,10,500.0,500.0,500.0,500.0,29200.15,28700.15,0.0,
2024-08-01 00:00:00,92,2023-01,10,500.0,500.0,500.0,500.0,29200.15,28700.15,0.0,
2024-08-01 00:00:00,93,2023-02,8,500.0,500.0,500.0,500.0,29133.95,28633.95,0.0,
2024-08-01 00:00:00,94,2023-02,8,500.0,500.0,500.0,500.0,29133.95,28633.95,0.0,
2024-08-01 00:00:00,95,2023-02,7,500.0,500.0,500.0,500.0,29324.15,28824.15,0.0,
2024-08-01 00:00:00,96,2023-02,7,500.0,500.0,500.0,500.0,29324.15,28824.15,0.0,
2024-08-01 00:00:00,97,2023-02,7,500.0,500.0,500.0,500.0,29324.15,28824.15,0.0,
2024-08-01 00:00:00,98,2023-03,7,500.0,500.0,500.0,500.0,29270.1,28770.1,0.0,
2024-08-01 00:00:00,101,2023-12,5,500.0,500.0,500.0,500.0,28787.4,28287.4,0.0,
2024-08-01 00:00:00,102,2023-12,5,500.0,500.0,500.0,500.0,28787.4,28287.4,0.0,
2024-09-01 00:00:00,67,2022-06,15,500.0,500.0,500.0,500.0,30424.3,29924.3,0.0,
2024-09-01 00:00:00,68,2022-06,15,500.0,500.0,500.0,500.0,30424.3,29924.3,0.0,
2024-09-01 00:00:00,69,2022-06,15,500.0,500.0,500.0,500.0,30424.3,29924.3,0.0,
2024-09-01 00:00:00,70,2022-07,15,500.0,500.0,500.0,500.0,30706.45,30206.45,0.0,
2024-09-01 00:00:00,71,2022-07,14,500.0,500.0,500.0,500.0,30611.25,30111.25,0.0,
2024-09-01 00:00:00,72,2022-07,13,500.0,500.0,500.0,500.0,30575.5,30075.5,0.0,
2024-09-01 00:00:00,73,2022-07,13,500.0,500.0,500.0,500.0,30318.2,29818.2,0.0,
2024-09-01 00:00:00,74,2022-07,13,500.0,500.0,500.0,500.0,30318.2,29818.2,0.0,
2024-09-01 00:00:00,75,2022-07,13,500.0,500.0,500.0,500.0,30318.2,29818.2,0.0,
2024-09-01 00:00:00,76,2022-07,13,500.0,500.0,500.0,500.0,30318.2,29818.2,0.0,
2024-09-01 00:00:00,91,2023-01,11,500.0,500.0,500.0,500.0,30486.55,29986.55,0.0,
2024-09-01 00:00:00,92,2023-01,11,500.0,500.0,500.0,500.0,30486.55,29986.55,0.0,
2024-09-01 00:00:00,93,2023-02,9,500.0,500.0,500.0,500.0,30420.35,29920.35,0.0,
2024-09-01 00:00:00,94,2023-02,9,500.0,500.0,500.0,500.0,30420.35,29920.35,0.0,
2024-09-01 00:00:00,95,2023-02,8,500.0,500.0,500.0,500.0,30610.55,30110.55,0.0,
2024-09-01 00:00:00,96,2023-02,8,500.0,500.0,500.0,500.0,30610.55,30110.55,0.0,
2024-09-01 00:00:00,97,2023-02,8,500.0,500.0,500.0,500.0,30610.55,30110.55,0.0,
2024-09-01 00:00:00,98,2023-03,8,500.0,500.0,500.0,500.0,30556.5,30056.5,0.0,
2024-09-01 00:00:00,101,2023-12,6,500.0,500.0,500.0,500.0,30073.8,29573.8,0.0,
2024-09-01 00:00:00,102,2023-12,6,500.0,500.0,500.0,500.0,30073.8,29573.8,0.0,
2024-10-01 00:00:00,67,2022-06,16,500.0,500.0,500.0,500.0,31295.1,30795.1,0.0,
2024-10-01 00:00:00,68,2022-06,16,500.0,500.0,500.0,500.0,31295.1,30795.1,0.0,
2024-10-01 00:00:00,69,2022-06,16,500.0,500.0,500.0,500.0,31295.1,30795.1,0.0,
2024-10-01 00:00:00,70,2022-07,16,500.0,500.0,500.0,500.0,31577.25,31077.25,0.0,
2024-10-01 00:00:00,71,2022-07,15,500.0,500.0,500.0,500.0,31482.05,30982.05,0.0,
2024-10-01 00:00:00,72,2022-07,14,500.0,500.0,500.0,500.0,31446.3,30946.3,0.0,
2024-10-01 00:00:00,73,2022-07,14,500.0,500.0,500.0,500.0,31189.0,30689.0,0.0,
2024-10-01 00:00:00,74,2022-07,14,500.0,500.0,500.0,500.0,31189.0,30689.0,0.0,
2024-10-01 00:00:00,75,2022-07,14,500.0,500.0,500.0,500.0,31189.0,30689.0,0.0,
2024-10-01 00:00:00,76,2022-07,14,500.0,500.0,500.0,500.0,31189.0,30689.0,0.0,
2024-10-01 00:00:00,91,2023-01,12,500.0,500.0,500.0,500.0,31357.35,30857.35,0.0,
2024-10-01 00:00:00,92,2023-01,12,500.0,500.0,500.0,500.0,31357.35,30857.35,0.0,
2024-10-01 00:00:00,93,2023-02,10,500.0,500.0,500.0,500.0,31291.15,30791.15,0.0,
2024-10-01 00:00:00,94,2023-02,10,500.0,500.0,500.0,500.0,31291.15,30791.15,0.0,
2024-10-01 00:00:00,95,2023-02,9,500.0,500.0,500.0,500.0,31481.35,30981.35,0.0,
2024-10-01 00:00:00,96,2023-02,9,500.0,500.0,500.0,500.0,31481.35,30981.35,0.0,
2024-10-01 00:00:00,97,2023-02,9,500.0,500.0,500.0,500.0,31481.35,30981.35,0.0,
2024-10-01 00:00:00,98,2023-03,9,500.0,500.0,500.0,500.0,31427.3,30927.3,0.0,
2024-10-01 00:00:00,101,2023-12,7,500.0,500.0,500.0,500.0,30944.6,30444.6,0.0,
2024-10-01 00:00:00,102,2023-12,7,500.0,500.0,500.0,500.0,30944.6,30444.6,0.0,
2024-11-01 00:00:00,67,2022-06,17,500.0,500.0,500.0,500.0,30309.7,29809.7,0.0,
2024-11-01 00:00:00,68,2022-06,17,500.0,500.0,500.0,500.0,30309.7,29809.7,0.0,
2024-11-01 00:00:00,69,2022-06,17,500.0,500.0,500.0,500.0,30309.7,29809.7,0.0,
2024-11-01 00:00:00,70,2022-07,17,500.0,500.0,500.0,500.0,30591.85,30091.85,0.0,
2024-11-01 00:00:00,71,2022-07,16,500.0,500.0,500.0,500.0,30496.65,29996.65,0.0,
2024-11-01 00:00:00,72,2022-07,15,500.0,500.0,500.0,500.0,30460.9,29960.9,0.0,
2024-11-01 00:00:00,73,2022-07,15,500.0,500.0,500.0,500.0,30203.6,29703.6,0.0,
2024-11-01 00:00:00,74,2022-07,15,500.0,500.0,500.0,500.0,30203.6,29703.6,0.0,
2024-11-01 00:00:00,75,2022-07,15,500.0,500.0,500.0,500.0,30203.6,29703.6,0.0,
2024-11-01 00:00:00,76,2022-07,15,500.0,500.0,500.0,500.0,30203.6,29703.6,0.0,
2024-11-01 00:00:00,91,2023-01,13,500.0,500.0,500.0,500.0,30371.95,29871.95,0.0,
2024-11-01 00:00:00,92,2023-01,13,500.0,500.0,500.0,500.0,30371.95,29871.95,0.0,
2024-11-01 00:00:00,93,2023-02,11,500.0,500.0,500.0,500.0,30305.75,29805.75,0.0,
2024-11-01 00:00:00,94,2023-02,11,500.0,500.0,500.0,500.0,30305.75,29805.75,0.0,
2024-11-01 00:00:00,95,2023-02,10,500.0,500.0,500.0,500.0,30495.95,29995.95,0.0,
2024-11-01 00:00:00,96,2023-02,10,500.0,500.0,500.0,500.0,30495.95,29995.95,0.0,
2024-11-01 00:00:00,97,2023-02,10,500.0,500.0,500.0,500.0,30495.95,29995.95,0.0,
2024-11-01 00:00:00,98,2023-03,10,500.0,500.0,500.0,500.0,30441.9,29941.9,0.0,
2024-11-01 00:00:00,101,2023-12,8,500.0,500.0,500.0,500.0,29959.2,29459.2,0.0,
2024-11-01 00:00:00,102,2023-12,8,500.0,500.0,500.0,500.0,29959.2,29459.2,0.0,
2024-12-01 00:00:00,67,2022-06,18,500.0,500.0,500.0,500.0,31277.6,30777.6,0.0,
2024-12-01 00:00:00,68,2022-06,18,500.0,500.0,500.0,500.0,31277.6,30777.6,0.0,
2024-12-01 00:00:00,69,2022-06,18,500.0,500.0,500.0,500.0,31277.6,30777.6,0.0,
2024-12-01 00:00:00,70,2022-07,18,500.0,500.0,500.0,500.0,31559.75,31059.75,0.0,
2024-12-01 00:00:00,71,2022-07,17,500.0,500.0,500.0,500.0,31464.55,30964.55,0.0,
2024-12-01 00:00:00,72,2022-07,16,500.0,500.0,500.0,500.0,31428.8,30928.8,0.0,
2024-12-01 00:00:00,73,2022-07,16,500.0,500.0,500.0,500.0,31171.5,30671.5,0.0,
2024-12-01 00:00:00,74,2022-07,16,500.0,500.0,500.0,500.0,31171.5,30671.5,0.0,
2024-12-01 00:00:00,75,2022-07,16,500.0,500.0,500.0,500.0,31171.5,30671.5,0.0,
2024-12-01 00:00:00,76,2022-07,16,500.0,500.0,500.0,500.0,31171.5,30671.5,0.0,
2024-12-01 00:00:00,91,2023-01,14,500.0,500.0,500.0,500.0,31339.85,30839.85,0.0,
2024-12-01 00:00:00,92,2023-01,14,500.0,500.0,500.0,500.0,31339.85,30839.85,0.0,
2024-12-01 00:00:00,93,2023-02,12,500.0,500.0,500.0,500.0,31273.65,30773.65,0.0,
2024-12-01 00:00:00,94,2023-02,12,500.0,500.0,500.0,500.0,31273.65,30773.65,0.0,
2024-12-01 00:00:00,95,2023-02,11,500.0,500.0,500.0,500.0,31463.85,30963.85,0.0,
2024-12-01 00:00:00,96,2023-02,11,500.0,500.0,500.0,500.0,31463.85,30963.85,0.0,
2024-12-01 00:00:00,97,2023-02,11,500.0,500.0,500.0,500.0,31463.85,30963.85,0.0,
2024-12-01 00:00:00,98,2023-03,11,500.0,500.0,500.0,500.0,31409.8,30909.8,0.0,
2024-12-01 00:00:00,101,2023-12,9,500.0,500.0,500.0,500.0,30927.1,30427.1,0.0,
2024-12-01 00:00:00,102,2023-12,9,500.0,500.0,500.0,500.0,30927.1,30427.1,0.0,
2025-01-01 00:00:00,67,2022-06,19,500.0,500.0,500.0,500.0,31140.15,30640.15,0.0,
2025-01-01 00:00:00,68,2022-06,19,500.0,500.0,500.0,500.0,31140.15,30640.15,0.0,
2025-01-01 00:00:00,69,2022-06,19,500.0,500.0,500.0,500.0,31140.15,30640.15,0.0,
2025-01-01 00:00:00,70,2022-07,19,500.0,500.0,500.0,500.0,31422.3,30922.3,0.0,
2025-01-01 00:00:00,71,2022-07,18,500.0,500.0,500.0,500.0,31327.1,30827.1,0.0,
2025-01-01 00:00:00,72,2022-07,17,500.0,500.0,500.0,500.0,31291.35,30791.35,0.0,
2025-01-01 00:00:00,73,2022-07,17,500.0,500.0,500.0,500.0,31034.05,30534.05,0.0,
2025-01-01 00:00:00,74,2022-07,17,500.0,500.0,500.0,500.0,31034.05,30534.05,0.0,
2025-01-01 00:00:00,75,2022-07,17,500.0,500.0,500.0,500.0,31034.05,30534.05,0.0,
2025-01-01 00:00:00,76,2022-07,17,500.0,500.0,500.0,500.0,31034.05,30534.05,0.0,
2025-01-01 00:00:00,91,2023-01,15,500.0,500.0,500.0,500.0,31202.4,30702.4,0.0,
2025-01-01 00:00:00,92,2023-01,15,500.0,500.0,500.0,500.0,31202.4,30702.4,0.0,
2025-01-01 00:00:00,93,2023-02,13,500.0,500.0,500.0,500.0,31136.2,30636.2,0.0,
2025-01-01 00:00:00,94,2023-02,13,500.0,500.0,500.0,500.0,31136.2,30636.2,0.0,
2025-01-01 00:00:00,95,2023-02,12,500.0,500.0,500.0,500.0,31326.4,30826.4,0.0,
2025-01-01 00:00:00,96,2023-02,12,500.0,500.0,500.0,500.0,31326.4,30826.4,0.0,
2025-01-01 00:00:00,97,2023-02,12,500.0,500.0,500.0,500.0,31326.4,30826.4,0.0,
2025-01-01 00:00:00,98,2023-03,12,500.0,500.0,500.0,500.0,31272.35,30772.35,0.0,
2025-01-01 00:00:00,101,2023-12,10,500.0,500.0,500.0,500.0,30789.65,30289.65,0.0,
2025-01-01 00:00:00,102,2023-12,10,500.0,500.0,500.0,500.0,30789.65,30289.65,0.0,
2025-02-01 00:00:00,67,2022-06,20,500.0,500.0,500.0,500.0,33288.45,32788.45,0.0,
2025-02-01 00:00:00,68,2022-06,20,500.0,500.0,500.0,500.0,33288.45,32788.45,0.0,
2025-02-01 00:00:00,69,2022-06,20,500.0,500.0,500.0,500.0,33288.45,32788.45,0.0,
2025-02-01 00:00:00,70,2022-07,20,500.0,500.0,500.0,500.0,33570.6,33070.6,0.0,
2025-02-01 00:00:00,71,2022-07,19,500.0,500.0,500.0,500.0,33475.4,32975.4,0.0,
2025-02-01 00:00:00,72,2022-07,18,500.0,500.0,500.0,500.0,33439.65,32939.65,0.0,
2025-02-01 00:00:00,73,2022-07,18,500.0,500.0,500.0,500.0,33182.35,32682.35,0.0,
2025-02-01 00:00:00,74,2022-07,18,500.0,500.0,500.0,500.0,33182.35,32682.35,0.0,
2025-02-01 00:00:00,75,2022-07,18,500.0,500.0,500.0,500.0,33182.35,32682.35,0.0,
2025-02-01 00:00:00,76,2022-07,18,500.0,500.0,500.0,500.0,33182.35,32682.35,0.0,
2025-02-01 00:00:00,91,2023-01,16,500.0,500.0,500.0,500.0,33350.7,32850.7,0.0,
2025-02-01 00:00:00,92,2023-01,16,500.0,500.0,500.0,500.0,33350.7,32850.7,0.0,
2025-02-01 00:00:00,93,2023-02,14,500.0,500.0,500.0,500.0,33284.5,32784.5,0.0,
2025-02-01 00:00:00,94,2023-02,14,500.0,500.0,500.0,500.0,33284.5,32784.5,0.0,
2025-02-01 00:00:00,95,2023-02,13,500.0,500.0,500.0,500.0,33474.7,32974.7,0.0,
2025-02-01 00:00:00,96,2023-02,13,500.0,500.0,500.0,500.0,33474.7,32974.7,0.0,
2025-02-01 00:00:00,97,2023-02,13,500.0,500.0,500.0,500.0,33474.7,32974.7,0.0,
2025-02-01 00:00:00,98,2023-03,13,500.0,500.0,500.0,500.0,33420.65,32920.65,0.0,
2025-02-01 00:00:00,101,2023-12,11,500.0,500.0,500.0,500.0,32937.95,32437.95,0.0,
2025-02-01 00:00:00,102,2023-12,11,500.0,500.0,500.0,500.0,32937.95,32437.95,0.0,
2025-03-01 00:00:00,67,2022-06,21,500.0,500.0,500.0,500.0,33156.1,32656.1,0.0,
2025-03-01 00:00:00,68,2022-06,21,500.0,500.0,500.0,500.0,33156.1,32656.1,0.0,
2025-03-01 00:00:00,69,2022-06,21,500.0,500.0,500.0,500.0,33156.1,32656.1,0.0,
2025-03-01 00:00:00,70,2022-07,21,500.0,500.0,500.0,500.0,33438.25,32938.25,0.0,
2025-03-01 00:00:00,71,2022-07,20,500.0,500.0,500.0,500.0,33343.05,32843.05,0.0,
2025-03-01 00:00:00,72,2022-07,19,500.0,500.0,500.0,500.0,33307.3,32807.3,0.0,
2025-03-01 00:00:00,73,2022-07,19,500.0,500.0,500.0,500.0,33050.0,32550.0,0.0,
2025-03-01 00:00:00,74,2022-07,19,500.0,500.0,500.0,500.0,33050.0,32550.0,0.0,
2025-03-01 00:00:00,75,2022-07,19,500.0,500.0,500.0,500.0,33050.0,32550.0,0.0,
2025-03-01 00:00:00,76,2022-07,19,500.0,500.0,500.0,500.0,33050.0,32550.0,0.0,
2025-03-01 00:00:00,91,2023-01,17,500.0,500.0,500.0,500.0,33218.35,32718.35,0.0,
2025-03-01 00:00:00,92,2023-01,17,500.0,500.0,500.0,500.0,33218.35,32718.35,0.0,
2025-03-01 00:00:00,93,2023-02,15,500.0,500.0,500.0,500.0,33152.15,32652.15,0.0,
2025-03-01 00:00:00,94,2023-02,15,500.0,500.0,500.0,500.0,33152.15,32652.15,0.0,
2025-03-01 00:00:00,95,2023-02,14,500.0,500.0,500.0,500.0,33342.35,32842.35,0.0,
2025-03-01 00:00:00,96,2023-02,14,500.0,500.0,500.0,500.0,33342.35,32842.35,0.0,
2025-03-01 00:00:00,97,2023-02,14,500.0,500.0,500.0,500.0,33342.35,32842.35,0.0,
2025-03-01 00:00:00,98,2023-03,14,500.0,500.0,500.0,500.0,33288.3,32788.3,0.0,
2025-03-01 00:00:00,101,2023-12,12,500.0,500.0,500.0,500.0,32805.6,32305.6,0.0,
2025-03-01 00:00:00,102,2023-12,12,500.0,500.0,500.0,500.0,32805.6,32305.6,0.0,
2025-04-01 00:00:00,67,2022-06,22,500.0,500.0,500.0,500.0,31201.9,30701.9,0.0,
2025-04-01 00:00:00,68,2022-06,22,500.0,500.0,500.0,500.0,31201.9,30701.9,0.0,
2025-04-01 00:00:00,69,2022-06,22,500.0,500.0,500.0,500.0,31201.9,30701.9,0.0,
2025-04-01 00:00:00,70,2022-07,22,500.0,500.0,500.0,500.0,31484.05,30984.05,0.0,
2025-04-01 00:00:00,71,2022-07,21,500.0,500.0,500.0,500.0,31388.85,30888.85,0.0,
2025-04-01 00:00:00,72,2022-07,20,500.0,500.0,500.0,500.0,31353.1,30853.1,0.0,
2025-04-01 00:00:00,73,2022-07,20,500.0,500.0,500.0,500.0,31095.8,30595.8,0.0,
2025-04-01 00:00:00,74,2022-07,20,500.0,500.0,500.0,500.0,31095.8,30595.8,0.0,
2025-04-01 00:00:00,75,2022-07,20,500.0,500.0,500.0,500.0,31095.8,30595.8,0.0,
2025-04-01 00:00:00,76,2022-07,20,500.0,500.0,500.0,500.0,31095.8,30595.8,0.0,
2025-04-01 00:00:00,91,2023-01,18,500.0,500.0,500.0,500.0,31264.15,30764.15,0.0,
2025-04-01 00:00:00,92,2023-01,18,500.0,500.0,500.0,500.0,31264.15,30764.15,0.0,
2025-04-01 00:00:00,93,2023-02,16,500.0,500.0,500.0,500.0,31197.95,30697.95,0.0,
2025-04-01 00:00:00,94,2023-02,16,500.0,500.0,500.0,500.0,31197.95,30697.95,0.0,
2025-04-01 00:00:00,95,2023-02,15,500.0,500.0,500.0,500.0,31388.15,30888.15,0.0,
2025-04-01 00:00:00,96,2023-02,15,500.0,500.0,500.0,500.0,31388.15,30888.15,0.0,
2025-04-01 00:00:00,97,2023-02,15,500.0,500.0,500.0,500.0,31388.15,30888.15,0.0,
2025-04-01 00:00:00,98,2023-03,15,500.0,500.0,500.0,500.0,31334.1,30834.1,0.0,
2025-04-01 00:00:00,101,2023-12,13,500.0,500.0,500.0,500.0,30851.4,30351.4,0.0,
2025-04-01 00:00:00,102,2023-12,13,500.0,500.0,500.0,500.0,30851.4,30351.4,0.0,
2025-05-01 00:00:00,67,2022-06,23,500.0,500.0,500.0,500.0,34708.4,34208.4,0.0,
2025-05-01 00:00:00,68,2022-06,23,500.0,500.0,500.0,500.0,34708.4,34208.4,0.0,
2025-05-01 00:00:00,69,2022-06,23,500.0,500.0,500.0,500.0,34708.4,34208.4,0.0,
2025-05-01 00:00:00,70,2022-07,23,500.0,500.0,500.0,500.0,34990.55,34490.55,0.0,
2025-05-01 00:00:00,71,2022-07,22,500.0,500.0,500.0,500.0,34895.35,34395.35,0.0,
2025-05-01 00:00:00,72,2022-07,21,500.0,500.0,500.0,500.0,34859.6,34359.6,0.0,
2025-05-01 00:00:00,73,2022-07,21,500.0,500.0,500.0,500.0,34602.3,34102.3,0.0,
2025-05-01 00:00:00,74,2022-07,21,500.0,500.0,500.0,500.0,34602.3,34102.3,0.0,
2025-05-01 00:00:00,75,2022-07,21,500.0,500.0,500.0,500.0,34602.3,34102.3,0.0,
2025-05-01 00:00:00,76,2022-07,21,500.0,500.0,500.0,500.0,34602.3,34102.3,0.0,
2025-05-01 00:00:00,91,2023-01,19,500.0,500.0,500.0,500.0,34770.65,34270.65,0.0,
2025-05-01 00:00:00,92,2023-01,19,500.0,500.0,500.0,500.0,34770.65,34270.65,0.0,
2025-05-01 00:00:00,93,2023-02,17,500.0,500.0,500.0,500.0,34704.45,34204.45,0.0,
2025-05-01 00:00:00,94,2023-02,17,500.0,500.0,500.0,500.0,34704.45,34204.45,0.0,
2025-05-01 00:00:00,95,2023-02,16,500.0,500.0,500.0,500.0,34894.65,34394.65,0.0,
2025-05-01 00:00:00,96,2023-02,16,500.0,500.0,500.0,500.0,34894.65,34394.65,0.0,
2025-05-01 00:00:00,97,2023-02,16,500.0,500.0,500.0,500.0,34894.65,34394.65,0.0,
2025-05-01 00:00:00,98,2023-03,16,500.0,500.0,500.0,500.0,34840.6,34340.6,0.0,
2025-05-01 00:00:00,101,2023-12,14,500.0,500.0,500.0,500.0,34357.9,33857.9,0.0,
2025-05-01 00:00:00,102,2023-12,14,500.0,500.0,500.0,500.0,34357.9,33857.9,0.0,
2025-06-01 00:00:00,67,2022-06,24,500.0,500.0,500.0,500.0,34764.0,34264.0,0.0,
2025-06-01 00:00:00,68,2022-06,24,500.0,500.0,500.0,500.0,34764.0,34264.0,0.0,
2025-06-01 00:00:00,69,2022-06,24,500.0,500.0,500.0,500.0,34764.0,34264.0,0.0,
2025-06-01 00:00:00,70,2022-07,24,500.0,500.0,500.0,500.0,35046.15,34546.15,0.0,
2025-06-01 00:00:00,71,2022-07,23,500.0,500.0,500.0,500.0,34950.95,34450.95,0.0,
2025-06-01 00:00:00,72,2022-07,22,500.0,500.0,500.0,500.0,34915.2,34415.2,0.0,
2025-06-01 00:00:00,73,2022-07,22,500.0,500.0,500.0,500.0,34657.9,34157.9,0.0,
2025-06-01 00:00:00,74,2022-07,22,500.0,500.0,500.0,500.0,34657.9,34157.9,0.0,
2025-06-01 00:00:00,75,2022-07,22,500.0,500.0,500.0,500.0,34657.9,34157.9,0.0,
2025-06-01 00:00:00,76,2022-07,22,500.0,500.0,500.0,500.0,34657.9,34157.9,0.0,
2025-06-01 00:00:00,91,2023-01,20,500.0,500.0,500.0,500.0,34826.25,34326.25,0.0,
2025-06-01 00:00:00,92,2023-01,20,500.0,500.0,500.0,500.0,34826.25,34326.25,0.0,
2025-06-01 00:00:00,93,2023-02,18,500.0,500.0,500.0,500.0,34760.05,34260.05,0.0,
2025-06-01 00:00:00,94,2023-02,18,500.0,500.0,500.0,500.0,34760.05,34260.05,0.0,
2025-06-01 00:00:00,95,2023-02,17,500.0,500.0,500.0,500.0,34950.25,34450.25,0.0,
2025-06-01 00:00:00,96,2023-02,17,500.0,500.0,500.0,500.0,34950.25,34450.25,0.0,
2025-06-01 00:00:00,97,2023-02,17,500.0,500.0,500.0,500.0,34950.25,34450.25,0.0,
2025-06-01 00:00:00,98,2023-03,17,500.0,500.0,500.0,500.0,34896.2,34396.2,0.0,
2025-06-01 00:00:00,101,2023-12,15,500.0,500.0,500.0,500.0,34413.5,33913.5,0.0,
2025-06-01 00:00:00,102,2023-12,15,500.0,500.0,500.0,500.0,34413.5,33913.5,0.0,
2025-07-01 00:00:00,67,2022-06,25,500.0,500.0,500.0,500.0,35395.35,34895.35,0.0,
2025-07-01 00:00:00,68,2022-06,25,500.0,500.0,500.0,500.0,35395.35,34895.35,0.0,
2025-07-01 00:00:00,69,2022-06,25,500.0,500.0,500.0,500.0,35395.35,34895.35,0.0,
2025-07-01 00:00:00,70,2022-07,25,500.0,500.0,500.0,500.0,35677.5,35177.5,0.0,
2025-07-01 00:00:00,71,2022-07,24,500.0,500.0,500.0,500.0,35582.3,35082.3,0.0,
2025-07-01 00:00:00,72,2022-07,23,500.0,500.0,500.0,500.0,35546.55,35046.55,0.0,
2025-07-01 00:00:00,73,2022-07,23,500.0,500.0,500.0,500.0,35289.25,34789.25,0.0,
2025-07-01 00:00:00,74,2022-07,23,500.0,500.0,500.0,500.0,35289.25,34789.25,0.0,
2025-07-01 00:00:00,75,2022-07,23,500.0,500.0,500.0,500.0,35289.25,34789.25,0.0,
2025-07-01 00:00:00,76,2022-07,23,500.0,500.0,500.0,500.0,35289.25,34789.25,0.0,
2025-07-01 00:00:00,91,2023-01,21,500.0,500.0,500.0,500.0,35457.6,34957.6,0.0,
2025-07-01 00:00:00,92,2023-01,21,500.0,500.0,500.0,500.0,35457.6,34957.6,0.0,
2025-07-01 00:00:00,93,2023-02,19,500.0,500.0,500.0,500.0,35391.4,34891.4,0.0,
2025-07-01 00:00:00,94,2023-02,19,500.0,500.0,500.0,500.0,35391.4,34891.4,0.0,
2025-07-01 00:00:00,95,2023-02,18,500.0,500.0,500.0,500.0,35581.6,35081.6,0.0,
2025-07-01 00:00:00,96,2023-02,18,500.0,500.0,500.0,500.0,35581.6,35081.6,0.0,
2025-07-01 00:00:00,97,2023-02,18,500.0,500.0,500.0,500.0,35581.6,35081.6,0.0,
2025-07-01 00:00:00,98,2023-03,18,500.0,500.0,500.0,500.0,35527.55,35027.55,0.0,
2025-07-01 00:00:00,101,2023-12,16,500.0,500.0,500.0,500.0,35044.85,34544.85,0.0,
2025-07-01 00:00:00,102,2023-12,16,500.0,500.0,500.0,500.0,35044.85,34544.85,0.0,
2025-08-01 00:00:00,67,2022-06,26,500.0,500.0,500.0,500.0,34079.55,33579.55,0.0,
2025-08-01 00:00:00,68,2022-06,26,500.0,500.0,500.0,500.0,34079.55,33579.55,0.0,
2025-08-01 00:00:00,69,2022-06,26,500.0,500.0,500.0,500.0,34079.55,33579.55,0.0,
2025-08-01 00:00:00,70,2022-07,26,500.0,500.0,500.0,500.0,34361.7,33861.7,0.0,
2025-08-01 00:00:00,71,2022-07,25,500.0,500.0,500.0,500.0,34266.5,33766.5,0.0,
2025-08-01 00:00:00,72,2022-07,24,500.0,500.0,500.0,500.0,34230.75,33730.75,0.0,
2025-08-01 00:00:00,73,2022-07,24,500.0,500.0,500.0,500.0,33973.45,33473.45,0.0,
2025-08-01 00:00:00,74,2022-07,24,500.0,500.0,500.0,500.0,33973.45,33473.45,0.0,
2025-08-01 00:00:00,75,2022-07,24,500.0,500.0,500.0,500.0,33973.45,33473.45,0.0,
2025-08-01 00:00:00,76,2022-07,24,500.0,500.0,500.0,500.0,33973.45,33473.45,0.0,
2025-08-01 00:00:00,91,2023-01,22,500.0,500.0,500.0,500.0,34141.8,33641.8,0.0,
2025-08-01 00:00:00,92,2023-01,22,500.0,500.0,500.0,500.0,34141.8,33641.8,0.0,
2025-08-01 00:00:00,93,2023-02,20,500.0,500.0,500.0,500.0,34075.6,33575.6,0.0,
2025-08-01 00:00:00,94,2023-02,20,500.0,500.0,500.0,500.0,34075.6,33575.6,0.0,
2025-08-01 00:00:00,95,2023-02,19,500.0,500.0,500.0,500.0,34265.8,33765.8,0.0,
2025-08-01 00:00:00,96,2023-02,19,500.0,500.0,500.0,500.0,34265.8,33765.8,0.0,
2025-08-01 00:00:00,97,2023-02,19,500.0,500.0,500.0,500.0,34265.8,33765.8,0.0,
2025-08-01 00:00:00,98,2023-03,19,500.0,500.0,500.0,500.0,34211.75,33711.75,0.0,
2025-08-01 00:00:00,101,2023-12,17,500.0,500.0,500.0,500.0,33729.05,33229.05,0.0,
2025-08-01 00:00:00,102,2023-12,17,500.0,500.0,500.0,500.0,33729.05,33229.05,0.0,
2025-09-01 00:00:00,67,2022-06,27,500.0,500.0,500.0,500.0,33544.05,33044.05,0.0,
2025-09-01 00:00:00,68,2022-06,27,500.0,500.0,500.0,500.0,33544.05,33044.05,0.0,
2025-09-01 00:00:00,69,2022-06,27,500.0,500.0,500.0,500.0,33544.05,33044.05,0.0,
2025-09-01 00:00:00,70,2022-07,27,500.0,500.0,500.0,500.0,33826.2,33326.2,0.0,
2025-09-01 00:00:00,71,2022-07,26,500.0,500.0,500.0,500.0,33731.0,33231.0,0.0,
2025-09-01 00:00:00,72,2022-07,25,500.0,500.0,500.0,500.0,33695.25,33195.25,0.0,
2025-09-01 00:00:00,73,2022-07,25,500.0,500.0,500.0,500.0,33437.95,32937.95,0.0,
2025-09-01 00:00:00,74,2022-07,25,500.0,500.0,500.0,500.0,33437.95,32937.95,0.0,
2025-09-01 00:00:00,75,2022-07,25,500.0,500.0,500.0,500.0,33437.95,32937.95,0.0,
2025-09-01 00:00:00,76,2022-07,25,500.0,500.0,500.0,500.0,33437.95,32937.95,0.0,
2025-09-01 00:00:00,91,2023-01,23,500.0,500.0,500.0,500.0,33606.3,33106.3,0.0,
2025-09-01 00:00:00,92,2023-01,23,500.0,500.0,500.0,500.0,33606.3,33106.3,0.0,
2025-09-01 00:00:00,93,2023-02,21,500.0,500.0,500.0,500.0,33540.1,33040.1,0.0,
2025-09-01 00:00:00,94,2023-02,21,500.0,500.0,500.0,500.0,33540.1,33040.1,0.0,
2025-09-01 00:00:00,95,2023-02,20,500.0,500.0,500.0,500.0,33730.3,33230.3,0.0,
2025-09-01 00:00:00,96,2023-02,20,500.0,500.0,500.0,500.0,33730.3,33230.3,0.0,
2025-09-01 00:00:00,97,2023-02,20,500.0,500.0,500.0,500.0,33730.3,33230.3,0.0,
2025-09-01 00:00:00,98,2023-03,20,500.0,500.0,500.0,500.0,33676.25,33176.25,0.0,
2025-09-01 00:00:00,101,2023-12,18,500.0,500.0,500.0,500.0,33193.55,32693.55,0.0,
2025-09-01 00:00:00,102,2023-12,18,500.0,500.0,500.0,500.0,33193.55,32693.55,0.0,
2025-10-01 00:00:00,67,2022-06,28,500.0,500.0,500.0,500.0,33402.0,32902.0,0.0,
2025-10-01 00:00:00,68,2022-06,28,500.0,500.0,500.0,500.0,33402.0,32902.0,0.0,
2025-10-01 00:00:00,69,2022-06,28,500.0,500.0,500.0,500.0,33402.0,32902.0,0.0,
2025-10-01 00:00:00,70,2022-07,28,500.0,500.0,500.0,500.0,33684.15,33184.15,0.0,
2025-10-01 00:00:00,71,2022-07,27,500.0,500.0,500.0,500.0,33588.95,33088.95,0.0,
2025-10-01 00:00:00,72,2022-07,26,500.0,500.0,500.0,500.0,33553.2,33053.2,0.0,
2025-10-01 00:00:00,73,2022-07,26,500.0,500.0,500.0,500.0,33295.9,32795.9,0.0,
2025-10-01 00:00:00,74,2022-07,26,500.0,500.0,500.0,500.0,33295.9,32795.9,0.0,
2025-10-01 00:00:00,75,2022-07,26,500.0,500.0,500.0,500.0,33295.9,32795.9,0.0,
2025-10-01 00:00:00,76,2022-07,26,500.0,500.0,500.0,500.0,33295.9,32795.9,0.0,
2025-10-01 00:00:00,91,2023-01,24,500.0,500.0,500.0,500.0,33464.25,32964.25,0.0,
2025-10-01 00:00:00,92,2023-01,24,500.0,500.0,500.0,500.0,33464.25,32964.25,0.0,
2025-10-01 00:00:00,93,2023-02,22,500.0,500.0,500.0,500.0,33398.05,32898.05,0.0,
2025-10-01 00:00:00,94,2023-02,22,500.0,500.0,500.0,500.0,33398.05,32898.05,0.0,
2025-10-01 00:00:00,95,2023-02,21,500.0,500.0,500.0,500.0,33588.25,33088.25,0.0,
2025-10-01 00:00:00,96,2023-02,21,500.0,500.0,500.0,500.0,33588.25,33088.25,0.0,
2025-10-01 00:00:00,97,2023-02,21,500.0,500.0,500.0,500.0,33588.25,33088.25,0.0,
2025-10-01 00:00:00,98,2023-03,21,500.0,500.0,500.0,500.0,33534.2,33034.2,0.0,
2025-10-01 00:00:00,101,2023-12,19,500.0,500.0,500.0,500.0,33051.5,32551.5,0.0,
2025-10-01 00:00:00,102,2023-12,19,500.0,500.0,500.0,500.0,33051.5,32551.5,0.0,
2025-11-01 00:00:00,67,2022-06,29,500.0,500.0,500.0,500.0,35445.8,34945.8,0.0,
2025-11-01 00:00:00,68,2022-06,29,500.0,500.0,500.0,500.0,35445.8,34945.8,0.0,
2025-11-01 00:00:00,69,2022-06,29,500.0,500.0,500.0,500.0,35445.8,34945.8,0.0,
2025-11-01 00:00:00,70,2022-07,29,500.0,500.0,500.0,500.0,35727.95,35227.95,0.0,
2025-11-01 00:00:00,71,2022-07,28,500.0,500.0,500.0,500.0,35632.75,35132.75,0.0,
2025-11-01 00:00:00,72,2022-07,27,500.0,500.0,500.0,500.0,35597.0,35097.0,0.0,
2025-11-01 00:00:00,73,2022-07,27,500.0,500.0,500.0,500.0,35339.7,34839.7,0.0,
2025-11-01 00:00:00,74,2022-07,27,500.0,500.0,500.0,500.0,35339.7,34839.7,0.0,
2025-11-01 00:00:00,75,2022-07,27,500.0,500.0,500.0,500.0,35339.7,34839.7,0.0,
2025-11-01 00:00:00,76,2022-07,27,500.0,500.0,500.0,500.0,35339.7,34839.7,0.0,
2025-11-01 00:00:00,91,2023-01,25,500.0,500.0,500.0,500.0,35508.05,35008.05,0.0,
2025-11-01 00:00:00,92,2023-01,25,500.0,500.0,500.0,500.0,35508.05,35008.05,0.0,
2025-11-01 00:00:00,93,2023-02,23,500.0,500.0,500.0,500.0,35441.85,34941.85,0.0,
2025-11-01 00:00:00,94,2023-02,23,500.0,500.0,500.0,500.0,35441.85,34941.85,0.0,
2025-11-01 00:00:00,95,2023-02,22,500.0,500.0,500.0,500.0,35632.05,35132.05,0.0,
2025-11-01 00:00:00,96,2023-02,22,500.0,500.0,500.0,500.0,35632.05,35132.05,0.0,
2025-11-01 00:00:00,97,2023-02,22,500.0,500.0,500.0,500.0,35632.05,35132.05,0.0,
2025-11-01 00:00:00,98,2023-03,22,500.0,500.0,500.0,500.0,35578.0,35078.0,0.0,
2025-11-01 00:00:00,101,2023-12,20,500.0,500.0,500.0,500.0,35095.3,34595.3,0.0,
2025-11-01 00:00:00,102,2023-12,20,500.0,500.0,500.0,500.0,35095.3,34595.3,0.0,
2025-12-01 00:00:00,67,2022-06,30,500.0,500.0,500.0,500.0,35595.75,35095.75,0.0,
2025-12-01 00:00:00,68,2022-06,30,500.0,500.0,500.0,500.0,35595.75,35095.75,0.0,
2025-12-01 00:00:00,69,2022-06,30,500.0,500.0,500.0,500.0,35595.75,35095.75,0.0,
2025-12-01 00:00:00,70,2022-07,30,500.0,500.0,500.0,500.0,35877.9,35377.9,0.0,
2025-12-01 00:00:00,71,2022-07,29,500.0,500.0,500.0,500.0,35782.7,35282.7,0.0,
2025-12-01 00:00:00,72,2022-07,28,500.0,500.0,500.0,500.0,35746.95,35246.95,0.0,
2025-12-01 00:00:00,73,2022-07,28,500.0,500.0,500.0,500.0,35489.65,34989.65,0.0,
2025-12-01 00:00:00,74,2022-07,28,500.0,500.0,500.0,500.0,35489.65,34989.65,0.0,
2025-12-01 00:00:00,75,2022-07,28,500.0,500.0,500.0,500.0,35489.65,34989.65,0.0,
2025-12-01 00:00:00,76,2022-07,28,500.0,500.0,500.0,500.0,35489.65,34989.65,0.0,
2025-12-01 00:00:00,91,2023-01,26,500.0,500.0,500.0,500.0,35658.0,35158.0,0.0,
2025-12-01 00:00:00,92,2023-01,26,500.0,500.0,500.0,500.0,35658.0,35158.0,0.0,
2025-12-01 00:00:00,93,2023-02,24,500.0,500.0,500.0,500.0,35591.8,35091.8,0.0,
2025-12-01 00:00:00,94,2023-02,24,500.0,500.0,500.0,500.0,35591.8,35091.8,0.0,
2025-12-01 00:00:00,95,2023-02,23,500.0,500.0,500.0,500.0,35782.0,35282.0,0.0,
2025-12-01 00:00:00,96,2023-02,23,500.0,500.0,500.0,500.0,35782.0,35282.0,0.0,
2025-12-01 00:00:00,97,2023-02,23,500.0,500.0,500.0,500.0,35782.0,35282.0,0.0,
2025-12-01 00:00:00,98,2023-03,23,500.0,500.0,500.0,500.0,35727.95,35227.95,0.0,
2025-12-01 00:00:00,101,2023-12,21,500.0,500.0,500.0,500.0,35245.25,34745.25,0.0,
2025-12-01 00:00:00,102,2023-12,21,500.0,500.0,500.0,500.0,35245.25,34745.25,0.0,
2026-01-01 00:00:00,67,2022-06,31,500.0,500.0,500.0,500.0,33819.1,33319.1,0.0,
2026-01-01 00:00:00,68,2022-06,31,500.0,500.0,500.0,500.0,33819.1,33319.1,0.0,
2026-01-01 00:00:00,69,2022-06,31,500.0,500.0,500.0,500.0,33819.1,33319.1,0.0,
2026-01-01 00:00:00,70,2022-07,31,500.0,500.0,500.0,500.0,34101.25,33601.25,0.0,
2026-01-01 00:00:00,71,2022-07,30,500.0,500.0,500.0,500.0,34006.05,33506.05,0.0,
2026-01-01 00:00:00,72,2022-07,29,500.0,500.0,500.0,500.0,33970.3,33470.3,0.0,
2026-01-01 00:00:00,73,2022-07,29,500.0,500.0,500.0,500.0,33713.0,33213.0,0.0,
2026-01-01 00:00:00,74,2022-07,29,500.0,500.0,500.0,500.0,33713.0,33213.0,0.0,
2026-01-01 00:00:00,75,2022-07,29,500.0,500.0,500.0,500.0,33713.0,33213.0,0.0,
2026-01-01 00:00:00,76,2022-07,29,500.0,500.0,500.0,500.0,33713.0,33213.0,0.0,
2026-01-01 00:00:00,91,2023-01,27,500.0,500.0,500.0,500.0,33881.35,33381.35,0.0,
2026-01-01 00:00:00,92,2023-01,27,500.0,500.0,500.0,500.0,33881.35,33381.35,0.0,
2026-01-01 00:00:00,93,2023-02,25,500.0,500.0,500.0,500.0,33815.15,33315.15,0.0,
2026-01-01 00:00:00,94,2023-02,25,500.0,500.0,500.0,500.0,33815.15,33315.15,0.0,
2026-01-01 00:00:00,95,2023-02,24,500.0,500.0,500.0,500.0,34005.35,33505.35,0.0,
2026-01-01 00:00:00,96,2023-02,24,500.0,500.0,500.0,500.0,34005.35,33505.35,0.0,
2026-01-01 00:00:00,97,2023-02,24,500.0,500.0,500.0,500.0,34005.35,33505.35,0.0,
2026-01-01 00:00:00,98,2023-03,24,500.0,500.0,500.0,500.0,33951.3,33451.3,0.0,
2026-01-01 00:00:00,101,2023-12,22,500.0,500.0,500.0,500.0,33468.6,32968.6,0.0,
2026-01-01 00:00:00,102,2023-12,22,500.0,500.0,500.0,500.0,33468.6,32968.6,0.0,
2026-02-01 00:00:00,67,2022-06,32,500.0,500.0,500.0,500.0,34517.75,34017.75,0.0,
2026-02-01 00:00:00,68,2022-06,32,500.0,500.0,500.0,500.0,34517.75,34017.75,0.0,
2026-02-01 00:00:00,69,2022-06,32,500.0,500.0,500.0,500.0,34517.75,34017.75,0.0,
2026-02-01 00:00:00,70,2022-07,32,500.0,500.0,500.0,500.0,34799.9,34299.9,0.0,
2026-02-01 00:00:00,71,2022-07,31,500.0,500.0,500.0,500.0,34704.7,34204.7,0.0,
2026-02-01 00:00:00,72,2022-07,30,500.0,500.0,500.0,500.0,34668.95,34168.95,0.0,
2026-02-01 00:00:00,73,2022-07,30,500.0,500.0,500.0,500.0,34411.65,33911.65,0.0,
2026-02-01 00:00:00,74,2022-07,30,500.0,500.0,500.0,500.0,34411.65,33911.65,0.0,
2026-02-01 00:00:00,75,2022-07,30,500.0,500.0,500.0,500.0,34411.65,33911.65,0.0,
2026-02-01 00:00:00,76,2022-07,30,500.0,500.0,500.0,500.0,34411.65,33911.65,0.0,
2026-02-01 00:00:00,91,2023-01,28,500.0,500.0,500.0,500.0,34580.0,34080.0,0.0,
2026-02-01 00:00:00,92,2023-01,28,500.0,500.0,500.0,500.0,34580.0,34080.0,0.0,
2026-02-01 00:00:00,93,2023-02,26,500.0,500.0,500.0,500.0,34513.8,34013.8,0.0,
2026-02-01 00:00:00,94,2023-02,26,500.0,500.0,500.0,500.0,34513.8,34013.8,0.0,
2026-02-01 00:00:00,95,2023-02,25,500.0,500.0,500.0,500.0,34704.0,34204.0,0.0,
2026-02-01 00:00:00,96,2023-02,25,500.0,500.0,500.0,500.0,34704.0,34204.0,0.0,
2026-02-01 00:00:00,97,2023-02,25,500.0,500.0,500.0,500.0,34704.0,34204.0,0.0,
2026-02-01 00:00:00,98,2023-03,25,500.0,500.0,500.0,500.0,34649.95,34149.95,0.0,
2026-02-01 00:00:00,101,2023-12,23,500.0,500.0,500.0,500.0,34167.25,33667.25,0.0,
2026-02-01 00:00:00,102,2023-12,23,500.0,500.0,500.0,500.0,34167.25,33667.25,0.0,
2026-03-01 00:00:00,67,2022-06,33,500.0,500.0,500.0,500.0,32330.2,31830.2,0.0,
2026-03-01 00:00:00,68,2022-06,33,500.0,500.0,500.0,500.0,32330.2,31830.2,0.0,
2026-03-01 00:00:00,69,2022-06,33,500.0,500.0,500.0,500.0,32330.2,31830.2,0.0,
2026-03-01 00:00:00,70,2022-07,33,500.0,500.0,500.0,500.0,32612.35,32112.35,0.0,
2026-03-01 00:00:00,71,2022-07,32,500.0,500.0,500.0,500.0,32517.15,32017.15,0.0,
2026-03-01 00:00:00,72,2022-07,31,500.0,500.0,500.0,500.0,32481.4,31981.4,0.0,
2026-03-01 00:00:00,73,2022-07,31,500.0,500.0,500.0,500.0,32224.1,31724.1,0.0,
2026-03-01 00:00:00,74,2022-07,31,500.0,500.0,500.0,500.0,32224.1,31724.1,0.0,
2026-03-01 00:00:00,75,2022-07,31,500.0,500.0,500.0,500.0,32224.1,31724.1,0.0,
2026-03-01 00:00:00,76,2022-07,31,500.0,500.0,500.0,500.0,32224.1,31724.1,0.0,
2026-03-01 00:00:00,91,2023-01,29,500.0,500.0,500.0,500.0,32392.45,31892.45,0.0,
2026-03-01 00:00:00,92,2023-01,29,500.0,500.0,500.0,500.0,32392.45,31892.45,0.0,
2026-03-01 00:00:00,93,2023-02,27,500.0,500.0,500.0,500.0,32326.25,31826.25,0.0,
2026-03-01 00:00:00,94,2023-02,27,500.0,500.0,500.0,500.0,32326.25,31826.25,0.0,
2026-03-01 00:00:00,95,2023-02,26,500.0,500.0,500.0,500.0,32516.45,32016.45,0.0,
2026-03-01 00:00:00,96,2023-02,26,500.0,500.0,500.0,500.0,32516.45,32016.45,0.0,
2026-03-01 00:00:00,97,2023-02,26,500.0,500.0,500.0,500.0,32516.45,32016.45,0.0,
2026-03-01 00:00:00,98,2023-03,26,500.0,500.0,500.0,500.0,32462.4,31962.4,0.0,
2026-03-01 00:00:00,101,2023-12,24,500.0,500.0,500.0,500.0,31979.7,31479.7,0.0,
2026-03-01 00:00:00,102,2023-12,24,500.0,500.0,500.0,500.0,31979.7,31479.7,0.0,
2026-05-01 00:00:00,67,2022-06,34,500.0,500.0,500.0,500.0,30951.15,30451.15,0.0,
2026-05-01 00:00:00,68,2022-06,34,500.0,500.0,500.0,500.0,30951.15,30451.15,0.0,
2026-05-01 00:00:00,69,2022-06,34,500.0,500.0,500.0,500.0,30951.15,30451.15,0.0,
2026-05-01 00:00:00,70,2022-07,34,500.0,500.0,500.0,500.0,31233.3,30733.3,0.0,
2026-05-01 00:00:00,71,2022-07,33,500.0,500.0,500.0,500.0,31138.1,30638.1,0.0,
2026-05-01 00:00:00,72,2022-07,32,500.0,500.0,500.0,500.0,31102.35,30602.35,0.0,
2026-05-01 00:00:00,73,2022-07,32,500.0,500.0,500.0,500.0,30845.05,30345.05,0.0,
2026-05-01 00:00:00,74,2022-07,32,500.0,500.0,500.0,500.0,30845.05,30345.05,0.0,
2026-05-01 00:00:00,75,2022-07,32,500.0,500.0,500.0,500.0,30845.05,30345.05,0.0,
2026-05-01 00:00:00,76,2022-07,32,500.0,500.0,500.0,500.0,30845.05,30345.05,0.0,
2026-05-01 00:00:00,91,2023-01,30,500.0,500.0,500.0,500.0,31013.4,30513.4,0.0,
2026-05-01 00:00:00,92,2023-01,30,500.0,500.0,500.0,500.0,31013.4,30513.4,0.0,
2026-05-01 00:00:00,93,2023-02,28,500.0,500.0,500.0,500.0,30947.2,30447.2,0.0,
2026-05-01 00:00:00,94,2023-02,28,500.0,500.0,500.0,500.0,30947.2,30447.2,0.0,
2026-05-01 00:00:00,95,2023-02,27,500.0,500.0,500.0,500.0,31137.4,30637.4,0.0,
2026-05-01 00:00:00,96,2023-02,27,500.0,500.0,500.0,500.0,31137.4,30637.4,0.0,
2026-05-01 00:00:00,97,2023-02,27,500.0,500.0,500.0,500.0,31137.4,30637.4,0.0,
2026-05-01 00:00:00,98,2023-03,27,500.0,500.0,500.0,500.0,31083.35,30583.35,0.0,
2026-05-01 00:00:00,101,2023-12,25,500.0,500.0,500.0,500.0,30600.65,30100.65,0.0,
2026-05-01 00:00:00,102,2023-12,25,500.0,500.0,500.0,500.0,30600.65,30100.65,0.0,
2026-06-01 00:00:00,67,2022-06,35,500.0,500.0,500.0,500.0,33473.4,32973.4,0.0,
2026-06-01 00:00:00,68,2022-06,35,500.0,500.0,500.0,500.0,33473.4,32973.4,0.0,
2026-06-01 00:00:00,69,2022-06,35,500.0,500.0,500.0,500.0,33473.4,32973.4,0.0,
2026-06-01 00:00:00,70,2022-07,35,500.0,500.0,500.0,500.0,33755.55,33255.55,0.0,
2026-06-01 00:00:00,71,2022-07,34,500.0,500.0,500.0,500.0,33660.35,33160.35,0.0,
2026-06-01 00:00:00,72,2022-07,33,500.0,500.0,500.0,500.0,33624.6,33124.6,0.0,
2026-06-01 00:00:00,73,2022-07,33,500.0,500.0,500.0,500.0,33367.3,32867.3,0.0,
2026-06-01 00:00:00,74,2022-07,33,500.0,500.0,500.0,500.0,33367.3,32867.3,0.0,
2026-06-01 00:00:00,75,2022-07,33,500.0,500.0,500.0,500.0,33367.3,32867.3,0.0,
2026-06-01 00:00:00,76,2022-07,33,500.0,500.0,500.0,500.0,33367.3,32867.3,0.0,
2026-06-01 00:00:00,91,2023-01,31,500.0,500.0,500.0,500.0,33535.65,33035.65,0.0,
2026-06-01 00:00:00,92,2023-01,31,500.0,500.0,500.0,500.0,33535.65,33035.65,0.0,
2026-06-01 00:00:00,93,2023-02,29,500.0,500.0,500.0,500.0,33469.45,32969.45,0.0,
2026-06-01 00:00:00,94,2023-02,29,500.0,500.0,500.0,500.0,33469.45,32969.45,0.0,
2026-06-01 00:00:00,95,2023-02,28,500.0,500.0,500.0,500.0,33659.65,33159.65,0.0,
2026-06-01 00:00:00,96,2023-02,28,500.0,500.0,500.0,500.0,33659.65,33159.65,0.0,
2026-06-01 00:00:00,97,2023-02,28,500.0,500.0,500.0,500.0,33659.65,33159.65,0.0,
2026-06-01 00:00:00,98,2023-03,28,500.0,500.0,500.0,500.0,33605.6,33105.6,0.0,
2026-06-01 00:00:00,101,2023-12,26,500.0,500.0,500.0,500.0,33122.9,32622.9,0.0,
2026-06-01 00:00:00,102,2023-12,26,500.0,500.0,500.0,500.0,33122.9,32622.9,0.0,
2026-07-01 00:00:00,67,2022-06,36,500.0,500.0,500.0,500.0,33398.1,32898.1,0.0,
2026-07-01 00:00:00,68,2022-06,36,500.0,500.0,500.0,500.0,33398.1,32898.1,0.0,
2026-07-01 00:00:00,69,2022-06,36,500.0,500.0,500.0,500.0,33398.1,32898.1,0.0,
2026-07-01 00:00:00,70,2022-07,36,500.0,500.0,500.0,500.0,33680.25,33180.25,0.0,
2026-07-01 00:00:00,71,2022-07,35,500.0,500.0,500.0,500.0,33585.05,33085.05,0.0,
2026-07-01 00:00:00,72,2022-07,34,500.0,500.0,500.0,500.0,33549.3,33049.3,0.0,
2026-07-01 00:00:00,73,2022-07,34,500.0,500.0,500.0,500.0,33292.0,32792.0,0.0,
2026-07-01 00:00:00,74,2022-07,34,500.0,500.0,500.0,500.0,33292.0,32792.0,0.0,
2026-07-01 00:00:00,75,2022-07,34,500.0,500.0,500.0,500.0,33292.0,32792.0,0.0,
2026-07-01 00:00:00,76,2022-07,34,500.0,500.0,500.0,500.0,33292.0,32792.0,0.0,
2026-07-01 00:00:00,91,2023-01,32,500.0,500.0,500.0,500.0,33460.35,32960.35,0.0,
2026-07-01 00:00:00,92,2023-01,32,500.0,500.0,500.0,500.0,33460.35,32960.35,0.0,
2026-07-01 00:00:00,93,2023-02,30,500.0,500.0,500.0,500.0,33394.15,32894.15,0.0,
2026-07-01 00:00:00,94,2023-02,30,500.0,500.0,500.0,500.0,33394.15,32894.15,0.0,
2026-07-01 00:00:00,95,2023-02,29,500.0,500.0,500.0,500.0,33584.35,33084.35,0.0,
2026-07-01 00:00:00,96,2023-02,29,500.0,500.0,500.0,500.0,33584.35,33084.35,0.0,
2026-07-01 00:00:00,97,2023-02,29,500.0,500.0,500.0,500.0,33584.35,33084.35,0.0,
2026-07-01 00:00:00,98,2023-03,29,500.0,500.0,500.0,500.0,33530.3,33030.3,0.0,
2026-07-01 00:00:00,101,2023-12,27,500.0,500.0,500.0,500.0,33047.6,32547.6,0.0,
2026-07-01 00:00:00,102,2023-12,27,500.0,500.0,500.0,500.0,33047.6,32547.6,0.0,
2026-07-13 21:30:40,67,2022-06,37,1000000000.0,8330.09,8330.09,8197.08,33430.1,25100.01,0.0,trailing_floor
2026-07-13 21:30:40,68,2022-06,37,1000000000.0,8330.09,8330.09,8197.08,33430.1,25100.01,0.0,trailing_floor
2026-07-13 21:30:40,69,2022-06,37,1000000000.0,8330.09,8330.09,8197.08,33430.1,25100.01,0.0,trailing_floor
2026-07-13 21:30:40,70,2022-07,37,1000000000.0,8612.24,8612.24,8451.02,33712.25,25100.01,0.0,trailing_floor
2026-07-13 21:30:40,71,2022-07,36,1000000000.0,8517.04,8517.04,8415.34,33617.05,25100.01,0.0,trailing_floor
2026-07-13 21:30:40,72,2022-07,35,1000000000.0,8481.29,8481.29,8433.16,33581.3,25100.01,0.0,trailing_floor
2026-07-13 21:30:40,73,2022-07,35,1000000000.0,8223.99,8223.99,8201.59,33324.0,25100.01,0.0,trailing_floor
2026-07-13 21:30:40,74,2022-07,35,1000000000.0,8223.99,8223.99,8201.59,33324.0,25100.01,0.0,trailing_floor
2026-07-13 21:30:40,75,2022-07,35,1000000000.0,8223.99,8223.99,8201.59,33324.0,25100.01,0.0,trailing_floor
2026-07-13 21:30:40,76,2022-07,35,1000000000.0,8223.99,8223.99,8201.59,33324.0,25100.01,0.0,trailing_floor
2026-07-13 21:30:40,91,2023-01,33,1000000000.0,8392.34,8392.34,8392.34,33492.35,25100.01,0.0,trailing_floor
2026-07-13 21:30:40,92,2023-01,33,1000000000.0,8392.34,8392.34,8392.34,33492.35,25100.01,0.0,trailing_floor
2026-07-13 21:30:40,93,2023-02,31,1000000000.0,8326.14,8326.14,8326.14,33426.15,25100.01,0.0,trailing_floor
2026-07-13 21:30:40,94,2023-02,31,1000000000.0,8326.14,8326.14,8326.14,33426.15,25100.01,0.0,trailing_floor
2026-07-13 21:30:40,95,2023-02,30,1000000000.0,8516.34,8516.34,8516.34,33616.35,25100.01,0.0,trailing_floor
2026-07-13 21:30:40,96,2023-02,30,1000000000.0,8516.34,8516.34,8516.34,33616.35,25100.01,0.0,trailing_floor
2026-07-13 21:30:40,97,2023-02,30,1000000000.0,8516.34,8516.34,8516.34,33616.35,25100.01,0.0,trailing_floor
2026-07-13 21:30:40,98,2023-03,30,1000000000.0,8462.29,8462.29,8462.29,33562.3,25100.01,0.0,trailing_floor
2026-07-13 21:30:40,101,2023-12,28,1000000000.0,7979.59,7979.59,7979.59,33079.6,25100.01,0.0,trailing_floor
2026-07-13 21:30:40,102,2023-12,28,1000000000.0,7979.59,7979.59,7979.59,33079.6,25100.01,0.0,trailing_floor
